-16.2795181274
-17.186504364
-20.212480545
-20.806438446
-18.7816047668
-18.1625518799
-16.0102214813
-11.6779584885
-8.57943058014
-7.89579343796
-6.83403587341
-6.92170524597
-7.7935385704
-7.88162469864
-7.99346351624
-8.03364467621
-7.95540189743
-8.16330051422
-8.45332431793
-8.94412136078
-9.93825149536
-10.4605741501
-10.6301813126
-10.7977485657
-10.7996768951
-10.6374778748
-10.7577934265
-10.8757991791
-11.3938236237
-11.8179664612
-12.4068479538
-13.0358419418
-13.1748971939
-13.0950212479
-13.3534803391
-12.9679546356
-12.091835022
-12.2828826904
-12.1538772583
-12.1556501389
-11.8039979935
-12.5046510696
-12.2099714279
-12.4254016876
-11.9915485382
-12.2205667496
-12.4352617264
-12.8613777161
-12.7001485825
-13.0711069107
-13.2982740402
-13.9530830383
-14.4113702774
-14.8544483185
-14.765789032
-13.8419008255
-12.5939025879
-11.2158927917
-10.8413715363
-10.7585783005
-11.6487560272
-11.798869133
-12.1802120209
-12.1651411057
-11.9053783417
-10.9365301132
-11.5502004623
-11.4018735886
-11.6205596924
-11.5160369873
-12.014383316
-10.8001070023
-11.1830978394
-11.2174339294
-10.5246562958
-9.79342746735
-10.0408573151
-9.71339225769
-9.24504756927
-9.90328598022
-10.5809230804
-10.8282852173
-10.5938215256
-10.3327293396
-9.98819541931
-9.98290920258
-9.13884830475
-8.91946125031
-9.05468845367
-8.73412036896
-8.08238983154
-8.02227401733
-8.09031867981
-7.44449996948
-7.25554037094
-6.71756410599
-7.12043857574
-7.49547815323
-7.45108699799
-7.65767812729
-7.4165186882
-7.02114725113
-6.95533275604
-6.83699464798
-7.04285335541
-7.73479127884
-7.68501377106
-7.63919687271
-8.23261070251
-7.88231706619
-8.85005092621
-8.65727615356
-8.45918083191
-7.77889251709
-8.02000522614
-6.97065162659
-7.74947309494
-6.84188842773
-7.08159589767
-7.0898771286
-7.02334260941
-6.55492401123
-6.84149980545
-7.17593336105
-7.36580657959
-7.82977771759
-7.73690605164
-7.16657781601
-6.28068733215
-5.40006732941
-4.20019006729
-4.09581565857
-4.55802822113
-5.16966438293
-4.70291376114
-4.89001703262
-4.72105121613
-5.4680519104
-5.00859689713
-5.90224123001
-6.02839660645
-5.39554405212
-5.0949883461
-5.37385463715
-5.04253053665
-4.85821247101
-5.67255210876
-5.28716182709
-5.16280078888
-5.21288442612
-5.23936223984
-5.07145214081
-4.60080003738
-3.58964323997
-3.38639378548
-3.64921402931
-3.5126991272
-3.84645271301
-5.29723596573
-5.46512174606
-5.10305547714
-4.8471570015
-4.66733121872
-3.47538661957
-3.17770957947
-3.30887389183
-3.04327249527
-4.04294013977
-4.5226521492
-4.84385108948
-5.24036121368
-5.62016582489
-5.17362880707
-5.09361982346
-4.68157958984
-4.04679822922
-4.08204030991
-2.86496591568
-3.17664265633
-3.97593545914
-4.86467170715
-3.97398495674
-4.56176376343
-4.57551002502
-3.78485202789
-3.30552124977
-3.94474124908
-4.0990729332
-4.04142475128
-4.22712087631
-4.49524307251
-5.65286016464
-4.67682361603
-5.12291288376
-4.65174770355
-3.19840145111
-2.0915453434
-3.23756432533
-2.74275159836
-2.57188868523
-3.34195303917
-3.57927751541
-3.27671647072
-2.83843636513
-4.43427944183
-5.01529216766
-4.65895700455
-5.32496881485
-5.4306178093
-4.8827791214
-4.49657201767
-4.99601984024
-3.81787109375
-4.06248474121
-4.16181325912
-3.71306753159
-2.77957677841
-3.76079559326
-3.22354412079
-2.63167285919
-2.54296827316
-3.58113527298
-2.77691888809
-2.92169117928
-2.30208921432
-2.82896971703
-2.84750962257
-3.51538848877
-3.81302762032
-3.7898414135
-3.29319000244
-2.27107024193
-1.31826388836
-1.33613300323
-2.52606749535
-3.17371344566
-3.30568623543
-3.07223081589
-2.76938247681
-2.59281110764
-3.7834956646
-4.21820068359
-5.44497060776
-5.4898109436
-4.87361240387
-3.37878894806
-3.45885920525
-2.93312335014
-3.11481404305
-3.21813178062
-3.41549086571
-4.29046869278
-4.48407077789
-4.57158660889
-4.75126218796
-4.37725830078
-4.18466567993
-4.90712547302
-5.23528957367
-5.42286634445
-6.29619026184
-6.60688495636
-5.80291652679
-5.37365531921
-5.89027643204
-5.53079938889
-4.7605638504
-5.63763999939
-6.24262809753
-5.51150941849
-5.91319608688
-6.65770959854
-5.58715820312
-4.34117507935
-5.03938150406
-3.96991991997
-3.2421901226
-3.49362015724
-4.48801326752
-3.41130876541
-3.66594219208
-3.54434370995
-4.48461532593
-3.44281744957
-3.03728365898
-3.06331181526
-3.22876739502
-2.9023809433
-3.47776293755
-4.02046346664
-4.07047367096
-4.14597320557
-3.88948822021
-4.05599021912
-4.60005092621
-5.14966726303
-4.84144163132
-5.24172258377
-5.24286985397
-4.649559021
-3.87306189537
-3.35993409157
-2.96312379837
-2.78409218788
-2.42477726936
-3.30659246445
-3.08320498466
-3.1203918457
-3.58388733864
-4.32024288177
-3.6769080162
-4.92899608612
-4.78797864914
-4.43967199326
-3.81370544434
-4.36642408371
-4.19322967529
-3.63145494461
-2.88646793365
-3.47974133492
-2.9351747036
-2.46589565277
-2.74631357193
-3.68453073502
-2.9640083313
-2.69499993324
-1.8247423172
-1.96123754978
-1.07801425457
-1.26182186604
0.284499526024
-0.670083522797
0.0839472338557
-0.800796627998
-0.534487247467
-2.41280269623
-1.98567891121
-1.51875817776
-1.12920951843
-1.20784473419
-2.12867331505
-1.42407882214
-2.23370409012
-2.19634652138
-2.7652785778
-1.41815781593
-2.85771131516
-2.63537311554
-2.98918056488
-2.33880543709
-3.16881108284
-2.11269712448
-2.12851142883
-1.99813902378
-2.24224185944
-1.77496314049
-2.56668353081
-2.93195772171
-2.56888103485
-3.59050250053
-3.96743273735
-3.38161230087
-3.10129737854
-3.95289587975
-4.21346616745
-3.89713287354
-4.13154029846
-3.76379776001
-2.81935191154
-2.83219242096
-2.8484108448
-3.5719063282
-5.09814834595
-6.35696935654
-6.11790370941
-6.56122779846
-5.4809923172
-5.17875909805
-3.79391551018
-3.73289942741
-3.91438508034
-4.84168243408
-4.73565816879
-5.59254360199
-4.78467798233
-4.27648687363
-4.40703725815
-4.47088575363
-3.81893777847
-4.13286304474
-4.07493257523
-4.22248029709
-4.99539518356
-5.11011695862
-5.4103717804
-5.62577104568
-5.2697634697
-4.06186485291
-5.43646097183
-6.33723783493
-6.65872478485
-6.79648208618
-7.53313922882
-7.0594367981
-5.49767065048
-5.81436634064
-6.04788208008
-5.24733924866
-5.85832309723
-7.11836528778
-6.47379255295
-6.75468587875
-7.49440574646
-6.80650186539
-6.25659656525
-7.20920991898
-6.55216598511
-6.55857133865
-6.02567481995
-5.59672641754
-5.31543159485
-5.21697616577
-5.35714149475
-5.68225479126
-6.23714828491
-5.43068361282
-5.67662906647
-5.8525724411
-6.12693023682
-6.21329689026
-7.0627412796
-6.57086181641
-5.51587152481
-5.15153741837
-5.14097929001
-4.04913187027
-4.62628221512
-5.04533147812
-4.99842309952
-4.08395624161
-3.23603391647
-2.06981182098
-1.42077624798
-0.834867358208
-1.78952085972
-3.31593799591
-3.72110819817
-3.96591305733
-4.08933544159
-3.62464642525
-3.52688717842
-4.22099876404
-4.32616329193
-4.90448760986
-4.56849384308
-4.15225696564
-3.21618366241
-3.17672348022
-4.36279344559
-4.54075527191
-3.93627071381
-5.34325170517
-5.60448503494
-5.39054250717
-5.62678623199
-6.32260799408
-5.46805906296
-5.89828920364
-4.79519605637
-4.71893596649
-4.6834359169
-4.69218015671
-4.56708669662
-4.68577098846
-4.39001226425
-4.26850795746
-5.04725217819
-4.27736711502
-4.63929319382
-5.54322433472
-6.05222702026
-6.12457418442
-6.59574985504
-6.02266550064
-6.31009197235
-6.56953716278
-5.47875881195
-5.18142700195
-5.57567119598
-5.30456066132
-5.90056753159
-6.42139339447
-7.0697593689
-7.39976024628
-6.66819953918
-5.52555036545
-6.58678770065
-5.81049013138
-4.76621627808
-5.11271286011
-4.43543434143
-2.09125208855
-2.43097400665
-2.99904084206
-2.11298012733
-2.74864149094
-3.2566447258
-3.67904901505
-2.49931168556
-3.45832276344
-2.6877784729
-3.69948983192
-3.59040594101
-4.7484869957
-4.18417882919
-5.53889560699
-5.85540819168
-5.4778137207
-5.34121704102
-6.61249351501
-7.42645788193
-6.64359378815
-6.02233457565
-6.30959558487
-6.16690921783
-5.14977407455
-6.08577537537
-7.17820882797
-6.54483127594
-6.50171709061
-5.74388885498
-6.32903194427
-6.76894378662
-7.27307081223
-5.76213645935
-6.57774209976
-6.59184455872
-5.98501253128
-6.14740419388
-7.76458072662
-7.71142721176
-6.15742874146
-4.82933759689
-4.4367184639
-4.54105758667
-4.08152198792
-4.13644886017
-4.48115205765
-4.00384759903
-2.47354340553
-2.61360025406
-2.12334918976
-3.43475699425
-3.10541343689
-2.99775695801
-3.77939534187
-4.39934110641
-4.40320396423
-5.53259897232
-6.6769824028
-5.20297241211
-4.90288925171
-5.09343528748
-5.57649040222
-6.01786327362
-7.35246181488
-8.83965492249
-8.29274177551
-7.64843225479
-6.97442483902
-6.99264812469
-7.28593921661
-7.77291965485
-7.38390207291
-7.11388969421
-7.44736814499
-6.86622619629
-7.44965744019
-7.92978811264
-9.37825870514
-9.58998012543
-9.01122379303
-8.89424037933
-8.5662317276
-7.86982965469
-7.29355096817
-7.64861297607
-6.4049282074
-7.0419678688
-6.45881843567
-5.84392309189
-6.29513978958
-7.38787269592
-6.99277019501
-8.67613697052
-9.95497989655
-9.92510414124
-8.84831428528
-9.23308467865
-7.60275936127
-7.07287979126
-6.11953353882
-5.9115319252
-4.95915794373
-5.42859888077
-4.82014226913
-4.7918381691
-4.94931554794
-5.23165607452
-3.58355402946
-3.72479510307
-3.03493189812
-2.76285052299
-3.45351362228
-5.49571180344
-5.48438882828
-6.12076616287
-6.62463855743
-7.21269083023
-6.93856668472
-6.06576538086
-7.0101647377
-7.02270936966
-5.48243618011
-4.64245605469
-5.94834470749
-5.00147438049
-5.14278125763
-5.59751987457
-6.83478116989
-7.40551042557
-8.277551651
-8.14862823486
-9.49674510956
-8.92137336731
-8.52774333954
-8.78349781036
-9.27898025513
-8.2744808197
-9.08876800537
-8.55122566223
-6.24888277054
-6.04340076447
-6.11341714859
-4.96028375626
-5.52872943878
-7.25124311447
-8.22561073303
-9.27079868317
-9.77365970612
-9.93221950531
-10.529299736
-10.2743301392
-10.0144109726
-10.7590084076
-9.74526977539
-8.32989883423
-7.31259393692
-6.45188713074
-6.03382205963
-5.55714893341
-6.13786172867
-5.99920797348
-5.24145507812
-4.94089794159
-6.76520252228
-6.18034791946
-6.19628047943
-6.54348325729
-7.59819602966
-5.73495960236
-5.35049581528
-5.77347707748
-6.21787881851
-3.95047497749
-4.3740272522
-6.52400493622
-5.85837602615
-5.54493904114
-5.8143157959
-5.98295307159
-5.80574655533
-6.84693050385
-7.88620567322
-8.74361419678
-8.40142822266
-7.43273687363
-6.76373243332
-5.62085199356
-5.54073190689
-6.7087931633
-6.48419427872
-7.06196260452
-7.72128200531
-8.29132652283
-7.24657917023
-7.88617372513
-7.6119594574
-7.41562747955
-6.8668384552
-8.74632549286
-7.85916090012
-7.60696458817
-7.53722381592
-6.36580085754
-6.21312904358
-6.61431121826
-7.06149196625
-7.08568143845
-8.12325382233
-6.90256786346
-7.61477613449
-8.03346252441
-9.53150749207
-10.5783824921
-10.9591751099
-9.92306804657
-9.06246471405
-9.019490242
-8.21524429321
-8.9118719101
-9.52373409271
-9.48949337006
-9.19521141052
-10.0492725372
-8.70010280609
-9.08012294769
-9.52505397797
-8.574883461
-7.16850614548
-8.62905502319
-9.94015407562
-9.23805809021
-9.98447799683
-10.0229816437
-10.0300941467
-9.17228221893
-9.90331935883
-8.45464420319
-8.79557418823
-7.26167154312
-6.27737236023
-6.0000629425
-7.36497068405
-7.4274187088
-7.17927408218
-7.10960054398
-7.87868404388
-8.99467754364
-9.9249792099
-9.34115028381
-10.2915344238
-9.72706890106
-7.84760379791
-7.61866474152
-8.45779800415
-8.32189559937
-10.187286377
-9.71624469757
-8.59425926208
-8.82383537292
-8.28711509705
-6.25599861145
-6.19748020172
-7.49307203293
-7.81636810303
-8.25478744507
-8.2755317688
-10.5043497086
-10.9888134003
-11.2528400421
-11.0290203094
-11.3437652588
-10.7710847855
-9.58936882019
-10.2946014404
-9.86553668976
-9.5286989212
-7.99812364578
-8.76796150208
-8.3807849884
-9.50176811218
-10.2896490097
-10.91842556
-10.1610822678
-9.75632572174
-7.99635791779
-6.95233392715
-6.19913625717
-5.58021354675
-4.47399997711
-4.74729919434
-5.1449842453
-5.63010549545
-4.35619688034
-4.40164470673
-3.99591088295
-3.51325201988
-2.83885812759
-3.67928576469
-4.56619930267
-4.19291687012
-4.43050575256
-5.8214263916
-6.36249303818
-5.98878765106
-6.80242061615
-6.88511991501
-5.78452682495
-4.57062578201
-4.17170524597
-5.00471019745
-5.20912313461
-6.76878166199
-8.26518535614
-8.67705059052
-7.97120094299
-6.79794120789
-4.61528635025
-4.15243577957
-4.39755535126
-4.20244932175
-4.95220804214
-5.61386919022
-6.64356660843
-6.59335041046
-7.0346031189
-7.29448366165
-6.87150287628
-6.53344249725
-6.3252081871
-8.37020587921
-7.90329647064
-8.84243965149
-8.78158855438
-9.2615737915
-7.96289682388
-7.36361789703
-8.89619445801
-9.51805591583
-9.75296401978
-9.92178058624
-11.4928712845
-10.3078985214
-9.67782497406
-9.20464706421
-10.5086278915
-9.88698291779
-8.63885498047
-8.71239185333
-8.59783744812
-6.07213878632
-6.70206737518
-6.92996311188
-6.39121723175
-6.86191606522
-6.4123210907
-5.13584280014
-5.15609264374
-5.55231952667
-4.83461236954
-6.21149015427
-7.42640447617
-7.13638544083
-6.66288566589
-6.85013580322
-6.92495298386
-6.56005620956
-6.82865905762
-6.75628328323
-7.19925880432
-5.05948781967
-4.45430850983
-5.00608873367
-5.72350358963
-5.69134378433
-7.63375282288
-8.88051795959
-8.15375614166
-7.77872943878
-7.65112352371
-7.83001756668
-7.21898937225
-6.30204582214
-7.17141675949
-7.69316577911
-6.10939836502
-5.84919261932
-8.30799198151
-7.92167854309
-6.68964767456
-7.1785569191
-8.45832920074
-7.30878543854
-6.49981451035
-6.45511865616
-6.31311655045
-6.41193056107
-6.72985744476
-7.74047040939
-8.21256828308
-7.08477210999
-4.56984758377
-5.40315437317
-4.01988887787
-4.73198318481
-6.95384788513
-8.84357070923
-8.70779514313
-10.2276182175
-9.49035739899
-9.20400905609
-8.89079666138
-8.8957529068
-8.93539810181
-10.2125577927
-9.44606876373
-8.65865421295
-8.2044878006
-8.03590774536
-6.47283935547
-7.42059278488
-7.85918664932
-7.04172563553
-7.00514316559
-7.2212638855
-7.00358533859
-6.98108720779
-8.31583690643
-8.69672107697
-8.74082374573
-7.53257989883
-8.37072753906
-7.57576036453
-5.34367847443
-6.00784730911
-8.44596576691
-8.09506893158
-7.14657115936
-8.61449432373
-7.56255960464
-5.87384700775
-4.99104356766
-6.04679679871
-7.03446054459
-8.62611293793
-9.8613910675
-10.6469726562
-11.6666898727
-11.4069423676
-10.7255764008
-9.5999546051
-10.6864652634
-10.0330934525
-9.01566982269
-10.0527591705
-12.9789571762
-11.0620059967
-10.386384964
-10.9987764359
-10.2030305862
-8.09846782684
-9.01100254059
-9.41525363922
-9.38885211945
-9.40977859497
-9.56462001801
-9.5397310257
-9.44900608063
-9.25578403473
-8.63797569275
-7.92834949493
-8.48429203033
-9.94405174255
-10.1953325272
-10.0367488861
-10.4779891968
-10.3586177826
-9.87173461914
-10.1417827606
-9.76144790649
-9.48793411255
-10.7878293991
-9.21047878265
-8.05798721313
-9.55543422699
-8.7739610672
-7.02061080933
-7.87152481079
-8.43800258636
-9.80700874329
-10.9978065491
-11.1903762817
-11.6677532196
-13.0142288208
-11.7193384171
-11.3900690079
-10.7526845932
-11.3386459351
-10.3153066635
-10.3626756668
-10.0995006561
-11.4036149979
-11.1369361877
-12.2984189987
-12.4483671188
-14.6764736176
-13.7975950241
-13.3509054184
-12.1774768829
-11.2200307846
-8.68974113464
-8.01031780243
-8.70007610321
-8.6624917984
-10.5285463333
-11.0709018707
-12.4694490433
-13.3089466095
-13.6855592728
-12.5828666687
-12.6230306625
-11.5542631149
-12.3314380646
-12.8322277069
-13.2381191254
-13.9547891617
-14.7656030655
-12.7442712784
-11.9085407257
-11.4300518036
-10.742770195
-11.2296152115
-11.1297264099
-11.5323972702
-11.6565999985
-10.7821044922
-9.42396354675
-10.0636348724
-10.4220514297
-10.3970546722
-12.8059034348
-14.7178239822
-15.2505168915
-14.8657770157
-14.4023866653
-13.4746456146
-12.0622587204
-11.0491991043
-11.376159668
-11.7511396408
-11.4501628876
-11.7682704926
-11.3384246826
-10.3038625717
-9.72375392914
-8.508228302
-8.14343261719
-9.06052970886
-9.40701007843
-9.89938831329
-11.3937358856
-11.3622455597
-9.62611961365
-9.42037773132
-8.74175643921
-8.3654499054
-8.6673002243
-10.4935512543
-10.0965185165
-11.7734689713
-11.4860134125
-11.7990398407
-10.5910129547
-11.6968193054
-9.98230648041
-10.4097328186
-10.1557846069
-11.1992950439
-10.3503961563
-11.4837913513
-12.5252418518
-11.8180656433
-10.8804159164
-11.6017246246
-10.417257309
-9.68068218231
-10.0208730698
-9.8806180954
-9.61352825165
-11.1595458984
-11.4892959595
-13.1641759872
-13.1237983704
-12.7588500977
-12.3497314453
-12.9631090164
-12.1634531021
-13.4858493805
-14.4019699097
-14.905207634
-15.4319639206
-14.8141136169
-14.9419250488
-13.8101949692
-13.2985172272
-11.9711971283
-12.2339839935
-11.6135406494
-12.4361820221
-13.8099088669
-14.920083046
-15.3161001205
-15.3923053741
-16.9100265503
-16.0530281067
-14.3871555328
-13.710234642
-14.0708942413
-12.6792039871
-12.2963790894
-13.7650852203
-15.0549430847
-15.7688379288
-16.8807868958
-18.8017654419
-17.9201126099
-16.631275177
-14.9414777756
-14.0112037659
-12.4077625275
-12.4266519547
-13.7053508759
-14.9325437546
-14.3820133209
-14.3260316849
-13.4506368637
-13.0976161957
-13.2657718658
-13.8896398544
-13.6998281479
-13.8465576172
-13.7885980606
-15.3872785568
-15.4884166718
-15.571811676
-16.9379577637
-18.0789699554
-15.0615091324
-15.2993774414
-15.8614835739
-14.8130426407
-12.5071268082
-13.2965927124
-13.0723762512
-13.7456769943
-15.6126298904
-17.6327266693
-17.6678771973
-17.7281093597
-16.4327812195
-14.9059457779
-15.6012525558
-16.0283489227
-16.2299194336
-14.7851381302
-15.4397201538
-13.9301767349
-13.9422903061
-13.5919971466
-14.81823349
-15.8372545242
-15.8853578568
-16.4563732147
-17.3092823029
-16.6316890717
-15.4037704468
-15.3678188324
-13.748837471
-13.0924539566
-14.7709026337
-15.0405397415
-14.3939285278
-16.0880222321
-16.8678607941
-17.4509677887
-18.1097984314
-19.4926567078
-19.6201000214
-18.9447593689
-17.5899848938
-16.4596405029
-16.2001152039
-15.3594503403
-15.9668865204
-16.8433704376
-16.1476097107
-16.5136127472
-16.9021148682
-16.5957279205
-15.881146431
-16.7313327789
-16.5647945404
-17.794260025
-17.6095333099
-18.3134975433
-19.0226669312
-18.0420570374
-16.6309375763
-15.9604282379
-14.6476049423
-15.2817878723
-17.2258758545
-17.7555141449
-18.7587089539
-19.2344589233
-18.4383602142
-17.2358951569
-16.0419025421
-15.8501586914
-16.6953105927
-16.5407772064
-15.9243392944
-16.1379356384
-16.5198612213
-16.9659881592
-16.7076301575
-16.4732398987
-16.0443439484
-14.8415307999
-13.9360790253
-13.4393310547
-14.8719015121
-16.1018848419
-16.2061862946
-16.2892951965
-16.0148220062
-14.6340456009
-13.6660194397
-14.3731775284
-14.781255722
-15.2201976776
-15.8268289566
-15.1256504059
-14.8535404205
-12.9658155441
-11.701622963
-12.0668134689
-13.6642885208
-12.998793602
-13.8099603653
-17.0420742035
-16.4566116333
-15.9794988632
-16.6289978027
-17.0227355957
-15.3032217026
-15.2497615814
-15.6053161621
-15.3289213181
-15.2494926453
-14.5964250565
-14.9242725372
-14.8086767197
-16.0569858551
-16.6181793213
-17.6601867676
-17.0565891266
-16.9935626984
-17.2177333832
-16.3988208771
-15.8462581635
-15.7282114029
-15.2730455399
-14.5047492981
-16.7297897339
-16.327627182
-18.0037689209
-18.6574172974
-18.8794441223
-17.5493850708
-19.5546035767
-19.8829479218
-19.2146682739
-19.2228279114
-18.9975204468
-17.8621921539
-16.846698761
-16.8693904877
-16.8383235931
-17.941493988
-19.0055084229
-18.1040077209
-18.8209686279
-18.316734314
-16.3955879211
-15.5711040497
-18.7621765137
-18.5335693359
-19.5700149536
-21.7348918915
-22.3614120483
-20.7953090668
-22.4827136993
-23.3874435425
-23.0356807709
-23.3717212677
-23.1959552765
-22.0331802368
-20.2168445587
-20.3693084717
-20.1782455444
-19.856754303
-20.592042923
-20.5807495117
-19.0933551788
-19.1869335175
-20.8496265411
-18.7460460663
-20.4247131348
-20.5630970001
-19.5917816162
-19.1750774384
-22.0753746033
-20.9741954803
-23.4509086609
-24.1053752899
-24.3722934723
-22.9497051239
-23.3005580902
-20.9614486694
-21.3141536713
-20.3932323456
-19.5578403473
-18.9842853546
-19.6390132904
-20.1024971008
-19.4846324921
-20.9774932861
-22.0027122498
-20.8023986816
-19.2425270081
-19.1078090668
-18.0672168732
-17.9324989319
-18.904756546
-19.7103042603
-19.9760627747
-20.2023067474
-20.592666626
-23.4876766205
-24.1668357849
-24.2968826294
-24.9792995453
-25.1049480438
-22.1373329163
-21.9801063538
-21.4403800964
-21.0045547485
-21.4816246033
-23.5535888672
-23.3085708618
-24.3849849701
-25.3338661194
-23.7031555176
-22.7657051086
-24.2484912872
-24.0807819366
-22.8815574646
-23.1277523041
-21.9004592896
-21.5387382507
-22.0111484528
-23.3987693787
-22.7474746704
-23.5538921356
-23.6003875732
-24.9521942139
-24.6986999512
-25.7205791473
-26.6648101807
-25.0889606476
-22.3766326904
-22.0754451752
-21.1179656982
-20.6419124603
-20.5387973785
-20.8229389191
-20.4579162598
-21.0407218933
-20.4421901703
-22.4742832184
-22.5166454315
-21.7547798157
-21.4684257507
-22.340675354
-22.0711402893
-22.4727649689
-24.4078636169
-24.417181015
-23.8294811249
-21.7026500702
-21.6734981537
-20.8982639313
-21.9466342926
-21.5604152679
-23.2149925232
-23.4758911133
-23.0553951263
-22.2399749756
-21.4795513153
-21.5995769501
-22.0418224335
-22.3711242676
-23.6462230682
-24.1198940277
-23.7501869202
-23.4910640717
-24.1556167603
-23.5083141327
-23.1041755676
-23.3497600555
-23.906375885
-23.2687911987
-23.0933628082
-22.8369693756
-21.886505127
-21.2153110504
-19.8369464874
-20.2297077179
-20.8472061157
-21.8189125061
-22.3707885742
-22.6870346069
-21.0768966675
-21.0856380463
-20.5343570709
-20.7051792145
-22.2642230988
-23.3097686768
-23.3374519348
-23.0606803894
-23.1267604828
-22.1942577362
-22.9213161469
-22.6601982117
-23.6985015869
-23.4671821594
-23.2668457031
-22.831029892
-24.5025367737
-24.0209503174
-23.5043563843
-23.8914279938
-22.8622493744
-22.0649986267
-21.3556003571
-21.3538265228
-21.1917743683
-21.768245697
-21.8687400818
-22.9317779541
-22.6801395416
-22.8131809235
-23.7014808655
-23.8561000824
-23.5500278473
-24.4403820038
-23.7443847656
-22.3733119965
-22.0729084015
-22.0255336761
-22.1925029755
-22.6757068634
-23.3363418579
-24.1525096893
-23.3084964752
-22.8591938019
-23.5144004822
-24.0461597443
-24.7610988617
-25.5879192352
-25.8341159821
-25.8563861847
-23.7962970734
-23.375082016
-21.710735321
-21.898235321
-20.7107334137
-23.4541492462
-22.540763855
-24.6768016815
-24.9074363708
-27.6321811676
-27.5319480896
-26.7733440399
-27.0327243805
-26.6538944244
-26.2410068512
-26.3009662628
-26.5018482208
-26.3877658844
-27.0021381378
-27.2344493866
-26.2094707489
-26.9657230377
-27.145652771
-27.8122310638
-27.3749504089
-29.1816120148
-30.3897800446
-31.0165557861
-31.2714138031
-30.354183197
-28.4707756042
-27.4471893311
-26.0888385773
-25.0131149292
-24.7040557861
-24.6896705627
-25.3833007812
-24.8058662415
-24.7926864624
-25.0548591614
-25.3622112274
-24.965379715
-26.115606308
-23.4963588715
-22.8697738647
-22.1352519989
-22.1061248779
-20.9168491364
-23.749540329
-24.8087768555
-26.4144535065
-25.1164131165
-25.3622741699
-25.7105445862
-25.2221851349
-23.0585517883
-23.3761692047
-24.5014667511
-22.6525707245
-22.9185199738
-25.2713088989
-25.8710193634
-25.339849472
-26.3058109283
-26.1552295685
-24.9341259003
-27.0049686432
-26.5417194366
-26.6829223633
-28.4545993805
-29.2745475769
-27.7077388763
-27.9017333984
-27.0862808228
-26.8034343719
-29.4364261627
-30.4215984344
-31.4795608521
-31.909029007
-30.396604538
-28.4192047119
-27.8946285248
-27.462348938
-29.3486480713
-29.9362468719
-28.7714176178
-29.462726593
-30.907087326
-31.2811336517
-30.9861545563
-32.2479476929
-31.41929245
-29.5313777924
-28.3012619019
-31.0790138245
-30.1585159302
-29.6111717224
-31.3622455597
-32.6963806152
-33.0856056213
-34.3287811279
-34.9358100891
-34.2119598389
-33.7952880859
-30.8894805908
-30.4951610565
-30.3920688629
-29.8310527802
-28.7007808685
-29.1758918762
-29.2703018188
-28.5835285187
-29.0198707581
-29.3740653992
-28.7125873566
-28.8502025604
-29.3473644257
-30.6236743927
-29.8739337921
-30.0211181641
-28.9342498779
-28.679353714
-26.7863807678
-25.6602325439
-26.1374664307
-26.9075050354
-26.9383773804
-26.9180755615
-29.2691860199
-29.3304481506
-29.2696304321
-31.2389240265
-32.8607406616
-32.4845504761
-32.8318939209
-33.6984367371
-33.7399024963
-32.907283783
-32.6622619629
-32.1696815491
-31.1901359558
-29.2267990112
-28.0232028961
-28.4732704163
-27.6714515686
-25.6289596558
-25.8775348663
-26.7311420441
-26.4444293976
-26.5925312042
-28.0415611267
-29.9068660736
-31.9779777527
-31.8094806671
-32.5823745728
-33.4163665771
-33.5703964233
-31.7191429138
-31.8113994598
-32.423210144
-31.6002750397
-31.0464115143
-30.5189113617
-31.8833065033
-31.7514190674
-32.5553970337
-31.8718757629
-31.6954708099
-31.420375824
-31.5272846222
-32.2190361023
-32.2657546997
-33.258644104
-32.0849914551
-31.960357666
-31.4941940308
-31.1014518738
-30.860824585
-32.3399543762
-33.7950134277
-35.2904052734
-34.882522583
-34.997592926
-33.5597610474
-32.9558029175
-31.8872966766
-33.2895088196
-32.9983787537
-31.9614429474
-30.5185890198
-29.4921073914
-29.4781837463
-30.7468776703
-33.4118537903
-34.113697052
-34.3484840393
-33.4976272583
-34.3941764832
-33.4985198975
-32.7813491821
-35.7194976807
-36.7182846069
-36.4084205627
-35.3838691711
-35.2213363647
-33.3056106567
-32.3100318909
-29.9224357605
-31.9910507202
-32.2992668152
-32.7827529907
-32.850818634
-33.604675293
-33.9271697998
-34.2459220886
-33.0554237366
-32.6713256836
-32.3988304138
-30.1486988068
-30.9823284149
-30.0438232422
-30.2199459076
-31.2176971436
-32.7703895569
-31.7649002075
-31.4849643707
-33.1606559753
-32.0254745483
-30.477809906
-29.5696773529
-30.6489048004
-29.7777328491
-31.8469314575
-31.7909431458
-32.5398750305
-32.9608840942
-33.8578834534
-33.3425140381
-34.7668228149
-35.8551330566
-35.8443756104
-34.9339904785
-33.9938278198
-35.129322052
-34.7111091614
-35.6590538025
-35.8519821167
-36.5838279724
-36.1530227661
-38.5255622864
-38.141834259
-40.1319046021
-38.9578132629
-38.9453010559
-38.0964202881
-37.7043571472
-36.0954208374
-36.4869689941
-35.94480896
-34.1905174255
-34.1284103394
-33.0585327148
-33.80519104
-32.3403930664
-32.680973053
-32.4178161621
-32.5793991089
-33.0505027771
-35.0569190979
-37.3111724854
-37.8280487061
-39.4799919128
-38.8572235107
-38.5154037476
-36.496471405
-37.0900382996
-36.4894104004
-36.4847373962
-34.702457428
-35.3332519531
-35.3452339172
-34.3839759827
-34.279006958
-35.1657333374
-34.8586235046
-34.9115028381
-35.5027809143
-35.313949585
-36.3852386475
-35.9716148376
-35.2512817383
-33.8189926147
-34.8253860474
-33.3094024658
-34.4604225159
-34.8328933716
-35.8592529297
-36.4337272644
-37.8215065002
-37.1993026733
-34.7948226929
-34.7304382324
-32.1145324707
-30.8057670593
-30.6028804779
-32.6139717102
-33.1180763245
-34.9802513123
-36.0228538513
-35.8431053162
-35.785610199
-34.873134613
-33.087348938
-32.6663818359
-33.0732688904
-32.039226532
-32.3871994019
-32.6521682739
-33.4191551208
-33.5460586548
-35.2042884827
-36.1065444946
-36.9030685425
-35.3025054932
-35.3104400635
-36.0550880432
-35.0133552551
-34.7436828613
-34.7461471558
-34.3492889404
-34.2554588318
-35.3438911438
-36.7267150879
-37.9378814697
-37.1716957092
-37.3397789001
-38.689453125
-36.9053993225
-34.9296760559
-34.560131073
-33.9294128418
-31.4844913483
-32.4730949402
-32.9142723083
-34.2518081665
-32.8678627014
-33.133556366
-32.2180137634
-32.8340454102
-32.6623039246
-33.236038208
-34.2270393372
-34.1936569214
-34.9213218689
-34.4927215576
-34.353553772
-32.5458526611
-33.8867225647
-34.1026268005
-35.4036216736
-35.675819397
-37.1761550903
-35.8290138245
-36.5109291077
-36.2014312744
-35.6073646545
-35.3316917419
-34.7187538147
-33.7141075134
-34.0828361511
-35.9938392639
-35.3829956055
-36.6871299744
-36.4559173584
-35.1504631042
-34.5056114197
-35.0951919556
-36.6710777283
-38.0818061829
-38.098991394
-37.744102478
-39.458896637
-38.0108718872
-36.1894683838
-37.8329582214
-39.140827179
-38.1389427185
-38.6347312927
-39.809135437
-38.1171875
-35.1824951172
-34.6172714233
-34.0460166931
-33.4311332703
-32.5761642456
-34.3366966248
-32.9886856079
-32.7631416321
-31.9919052124
-32.0854949951
-32.1656837463
-33.591003418
-33.9370498657
-35.0665130615
-36.4753379822
-37.2713165283
-38.2406387329
-39.7126426697
-39.3384895325
-40.1281509399
-38.558467865
-38.6557540894
-37.3593063354
-37.3246955872
-37.5131187439
-37.7663497925
-36.9930152893
-36.3276481628
-36.4118652344
-34.7110710144
-34.3858070374
-34.5716018677
-35.8175621033
-36.5713539124
-37.2447395325
-41.1535797119
-39.9206542969
-38.3627853394
-38.220287323
-39.1690979004
-35.6122169495
-36.5076904297
-38.0319366455
-37.3473701477
-35.3358688354
-35.2627868652
-35.5629386902
-33.9049339294
-34.6047554016
-36.6393737793
-36.9555549622
-35.0077133179
-35.8675804138
-35.4632606506
-34.6435852051
-35.8363304138
-36.8933067322
-37.136100769
-36.2662811279
-36.0985679626
-34.5390930176
-34.9197654724
-34.4100532532
-35.0205688477
-33.7930145264
-34.5725822449
-33.3583030701
-33.5534896851
-33.4272384644
-34.7369041443
-34.8414916992
-36.298374176
-37.1007804871
-36.6293525696
-37.1077804565
-37.5899772644
-35.9351959229
-35.8909797668
-37.0596008301
-35.0138282776
-34.7211875916
-34.3885383606
-32.8236083984
-31.7876377106
-33.0006713867
-32.784286499
-33.6394042969
-33.1273880005
-34.206653595
-34.0975036621
-33.2528953552
-33.5507125854
-34.4374351501
-35.2027359009
-34.707660675
-34.6298484802
-34.9878120422
-34.9679222107
-34.8096199036
-34.9061279297
-34.7522125244
-33.5266685486
-35.2143859863
-34.3637008667
-34.7729225159
-34.4171867371
-35.3394470215
-33.5875015259
-33.6852340698
-32.3646621704
-32.566986084
-32.1282424927
-31.7005805969
-31.6854038239
-32.396900177
-30.8467330933
-32.2640190125
-33.0689620972
-33.3658790588
-33.5324783325
-35.8976020813
-34.5663719177
-34.2972068787
-33.9968147278
-34.4436569214
-34.8321990967
-35.4616394043
-36.2843933105
-35.5113220215
-35.3357162476
-34.7128143311
-35.0182723999
-34.0491981506
-34.5910453796
-34.9641876221
-35.4664230347
-35.9895744324
-37.2055854797
-36.9308547974
-38.0266723633
-35.8993835449
-34.2166213989
-32.5298080444
-32.2706832886
-30.5024604797
-32.6692008972
-34.5041732788
-35.8062973022
-36.6625328064
-37.399772644
-36.9800643921
-37.0221061707
-36.8198242188
-35.3711013794
-35.4803390503
-35.0215301514
-35.2587661743
-36.0573387146
-37.3485374451
-37.3177909851
-37.6319084167
-35.7729644775
-34.3001365662
-35.078414917
-35.1052589417
-33.8892669678
-35.1367340088
-37.0175704956
-35.6282272339
-34.6863975525
-35.8258209229
-34.6409111023
-34.5078353882
-34.3942604065
-35.4340171814
-34.0101318359
-34.5837402344
-33.4113960266
-33.0694236755
-32.3686294556
-34.4203453064
-34.7847213745
-34.611907959
-34.9670753479
-36.189125061
-35.7766952515
-35.2820091248
-35.1770706177
-34.3662528992
-32.9017295837
-33.6306037903
-33.3090744019
-33.926940918
-35.9037666321
-35.6683540344
-35.6192932129
-37.339630127
-38.2555351257
-36.7248954773
-36.6640701294
-36.0242767334
-35.2364006042
-34.7334289551
-37.3613471985
-38.0594863892
-37.3115463257
-36.8660087585
-37.2667236328
-35.5178794861
-35.9901313782
-37.4899559021
-37.429485321
-35.7383728027
-36.7295570374
-36.063747406
-35.7683296204
-34.7189216614
-35.4413299561
-35.3753242493
-36.5161437988
-37.3828620911
-37.3208694458
-37.1306381226
-37.0891838074
-34.9127082825
-33.4429283142
-34.3806343079
-35.4822769165
-34.9877128601
-36.399269104
-34.7551803589
-35.2759742737
-34.6784172058
-35.1674423218
-34.6965751648
-35.4271392822
-36.0141639709
-35.5698471069
-35.0018386841
-36.7402305603
-37.3894081116
-37.0189704895
-36.2082061768
-36.7377357483
-34.30519104
-34.9700126648
-34.8974075317
-35.0959587097
-33.7304267883
-35.0299720764
-35.2625579834
-36.1807098389
-37.3595466614
-37.8098220825
-38.1565933228
-37.1999282837
-38.050743103
-35.7232437134
-35.8306159973
-33.9668006897
-33.8395118713
-32.5773048401
-34.9354667664
-35.7416152954
-37.2755470276
-38.2728919983
-37.9263572693
-39.2149772644
-38.8985824585
-38.0242347717
-36.8723144531
-36.5603523254
-34.9109611511
-36.971824646
-38.5226669312
-39.8105506897
-39.4051856995
-38.8858680725
-36.4652481079
-35.4897689819
-36.06615448
-37.2372741699
-38.4512672424
-39.887878418
-40.9812545776
-40.1541519165
-40.0177307129
-39.8649330139
-39.3334465027
-39.3130912781
-38.4548950195
-38.3545455933
-39.4758834839
-40.4298553467
-42.8685379028
-44.0136108398
-43.4945640564
-42.8695220947
-41.5315437317
-39.8387870789
-39.8460235596
-40.1891365051
-39.7070960999
-38.7388343811
-36.9013938904
-36.8280601501
-36.7433624268
-37.0163803101
-37.6020622253
-37.8281517029
-38.0556182861
-38.5028572083
-38.6100387573
-39.4310684204
-40.6220626831
-40.1792755127
-39.2032623291
-38.0696182251
-36.9596099854
-35.7329940796
-35.408000946
-37.4538269043
-37.317817688
-37.8690452576
-39.3835220337
-40.6322135925
-38.6409454346
-39.1372184753
-39.1959152222
-37.2022819519
-37.2891807556
-36.579120636
-36.5528030396
-37.1722564697
-40.9209442139
-40.7762718201
-42.262336731
-43.9708747864
-44.1417160034
-41.265499115
-39.4114379883
-40.3571586609
-39.3104515076
-39.7465209961
-41.1629180908
-43.0405158997
-42.3885688782
-43.739440918
-42.8417243958
-41.3921089172
-38.4543762207
-38.6063690186
-37.0374946594
-36.6919059753
-36.7734413147
-39.2170524597
-39.3166809082
-40.0519714355
-40.3919448853
-42.5351638794
-43.4842376709
-43.8455696106
-42.9841423035
-42.9126434326
-42.8005371094
-42.2914924622
-41.6579399109
-42.8695602417
-43.9512062073
-41.8682937622
-41.2937431335
-41.4313316345
-41.3624534607
-40.7121315002
-40.2688674927
-42.8753395081
-42.2558403015
-42.5431556702
-42.3991851807
-44.832157135
-43.5487594604
-44.7572021484
-44.867477417
-46.4610671997
-45.6018791199
-45.0523834229
-45.7097206116
-44.3259429932
-42.7998580933
-42.6349029541
-43.1985015869
-43.6846160889
-43.3182182312
-43.5993385315
-43.4069976807
-42.1010322571
-40.1493186951
-42.4912147522
-43.4884910583
-43.8778076172
-45.0072174072
-47.320148468
-46.9444999695
-45.90284729
-44.2226295471
-44.8761634827
-42.5933151245
-41.0034751892
-40.6037712097
-41.7281646729
-40.1155281067
-39.8636245728
-40.554359436
-41.8718757629
-43.1732368469
-43.2548141479
-42.2427825928
-41.3969268799
-39.3419380188
-38.2703742981
-40.0239982605
-41.1738319397
-41.3241195679
-41.7228317261
-41.5088920593
-39.4241333008
-39.1625595093
-40.3293609619
-40.9576148987
-40.8236618042
-40.7736358643
-41.2146911621
-40.359577179
-39.2690544128
-39.7227249146
-40.2497940063
-41.0124664307
-41.759677887
-42.9944343567
-42.9624481201
-43.960483551
-43.1258773804
-42.356803894
-41.6258277893
-41.4965248108
-40.0267181396
-41.2220649719
-40.9871788025
-42.4498786926
-42.3722343445
-44.0275382996
-44.521648407
-44.4340324402
-44.3584518433
-44.9158363342
-43.7991333008
-44.0620994568
-44.2998008728
-44.6386184692
-46.1159629822
-47.9230117798
-46.4980888367
-46.9351882935
-45.9965705872
-45.211605072
-43.8897209167
-44.1176071167
-44.2911186218
-44.0198516846
-43.0237236023
-42.8841018677
-41.8357391357
-42.8120040894
-41.1883392334
-41.1786079407
-41.2618217468
-41.5333480835
-41.6488800049
-42.9843902588
-42.6353034973
-41.2837409973
-40.4496383667
-37.3295402527
-37.7166023254
-37.0880737305
-38.3707580566
-38.7757759094
-41.882484436
-41.6079711914
-41.5588798523
-41.259262085
-43.1989021301
-43.5650253296
-42.9711494446
-43.657333374
-45.2129631042
-43.5304374695
-40.8185043335
-41.9410209656
-43.0394210815
-41.9259376526
-42.955657959
-45.4311408997
-45.1843261719
-44.8342590332
-44.5970344543
-43.3292655945
-42.0081367493
-42.9555435181
-43.6289215088
-43.4669570923
-44.4614219666
-44.9663505554
-42.9506759644
-41.0350608826
-42.2524032593
-42.8325080872
-42.9084625244
-45.2858581543
-47.5324821472
-48.1054763794
-47.1177101135
-46.6442832947
-45.6476211548
-44.6270446777
-42.1179466248
-43.2117462158
-43.6447486877
-44.1465072632
-44.1985054016
-43.8931312561
-42.5864639282
-42.7326431274
-41.4576034546
-40.3698425293
-40.5962753296
-38.4395446777
-37.1283073425
-37.146697998
-37.8866577148
-39.7596473694
-44.1091537476
-44.6675491333
-44.4412956238
-43.8293533325
-43.2532615662
-41.0819320679
-41.3095397949
-42.3975906372
-42.1102752686
-39.9927940369
-38.3787956238
-38.8391609192
-38.3324546814
-39.398059845
-41.1235580444
-42.4875411987
-40.7917976379
-40.1298370361
-40.2250862122
-39.7053909302
-41.1861190796
-41.5014152527
-43.1540107727
-42.7820930481
-43.3997573853
-42.099861145
-43.1628837585
-41.0734596252
-40.0150642395
-39.4112701416
-39.5254440308
-40.7237968445
-42.8624534607
-44.8674430847
-47.1349105835
-47.960521698
-46.7474746704
-45.3140945435
-42.8144721985
-40.4484176636
-40.111995697
-39.9901924133
-39.8394203186
-41.1393241882
-42.9726028442
-43.2995872498
-45.0244026184
-46.5786209106
-46.8322257996
-45.4986419678
-44.601890564
-43.3457107544
-43.5685462952
-45.1994018555
-45.40209198
-44.2317466736
-43.4337081909
-42.2491722107
-39.8859291077
-40.470123291
-43.3458213806
-43.886631012
-47.2201957703
-49.8427581787
-50.0483207703
-48.6183052063
-48.952545166
-46.7932281494
-46.6297187805
-46.3520088196
-48.3561286926
-49.0664291382
-48.8448410034
-47.987953186
-48.4969711304
-48.3600845337
-47.8927268982
-47.55103302
-47.1646690369
-46.4426689148
-46.6236495972
-45.346496582
-44.399394989
-44.1522483826
-43.2371940613
-40.7391052246
-39.6589317322
-39.230140686
-39.3048782349
-38.531955719
-39.3012733459
-41.2581253052
-42.2316169739
-42.4892425537
-45.7137565613
-46.7092971802
-48.6218719482
-49.9738006592
-48.6766052246
-47.2101745605
-47.9801712036
-46.3070869446
-45.1292076111
-46.9106636047
-48.0659179688
-46.1486244202
-45.3938446045
-46.8536758423
-46.3168716431
-46.2332344055
-46.4734382629
-46.1796302795
-47.0006828308
-46.2738342285
-45.3736038208
-45.5960617065
-47.8894767761
-45.5985183716
-47.5976524353
-47.5994682312
-48.6263847351
-48.4450149536
-49.6578102112
-49.5723419189
-50.7010955811
-48.6916503906
-47.7792930603
-46.8763084412
-47.7045478821
-45.9735488892
-46.717830658
-46.8611526489
-46.3439750671
-43.7473220825
-43.5391845703
-44.2008094788
-44.8895683289
-46.8596954346
-48.3175506592
-51.5291557312
-50.9802131653
-51.2834625244
-50.1165046692
-48.3137664795
-46.2148933411
-46.618927002
-46.8793640137
-48.8343238831
-49.4162597656
-48.6045722961
-48.3165740967
-45.1315345764
-44.9201774597
-46.7588157654
-48.4204330444
-48.8825759888
-49.5535316467
-49.4299697876
-48.5146942139
-47.286315918
-47.146686554
-48.2022094727
-45.997467041
-45.8918685913
-45.8785858154
-46.7582550049
-46.0641937256
-48.1468505859
-49.1664085388
-50.9524879456
-49.9907493591
-49.6276741028
-49.4661979675
-48.0584869385
-46.4916038513
-47.2179679871
-49.1795768738
-48.1404647827
-49.3046302795
-48.1310920715
-48.3156051636
-47.3377952576
-47.4738464355
-46.0894355774
-47.8920249939
-45.8386459351
-47.8797187805
-47.2046508789
-48.149471283
-47.9698600769
-48.8174057007
-47.6126976013
-48.5348434448
-48.8138809204
-50.0503921509
-50.8420066833
-50.6729316711
-50.2750930786
-49.2461013794
-47.2943496704
-47.5489692688
-48.0032196045
-48.9642944336
-49.4697265625
-48.9668006897
-47.7994804382
-47.6494216919
-46.1964454651
-45.763671875
-46.2241363525
-47.0576095581
-46.2593727112
-47.1682510376
-47.8952331543
-49.6000289917
-49.7602767944
-48.0108261108
-46.3549385071
-46.8225212097
-45.9248771667
-45.7973518372
-47.8966903687
-48.422542572
-47.0852890015
-46.7180213928
-47.5904464722
-47.0497703552
-47.2088165283
-47.5159912109
-48.1685523987
-45.405620575
-45.845287323
-47.4966583252
-47.5463066101
-46.5507392883
-48.3931159973
-46.3225746155
-46.5470466614
-47.4022445679
-47.6234207153
-46.7946205139
-49.7066688538
-48.0373954773
-49.0443878174
-49.9912376404
-50.3445701599
-49.6400871277
-51.729309082
-50.8467140198
-50.4728012085
-50.2966423035
-49.6061325073
-49.3676757812
-49.3875770569
-48.4577865601
-50.0423812866
-51.3507766724
-49.3098831177
-47.9491271973
-48.9790000916
-48.8268737793
-46.882019043
-47.6563110352
-49.6517066956
-48.1410255432
-47.8401031494
-48.5444831848
-50.4170227051
-48.5464515686
-51.3164253235
-53.143825531
-55.2520713806
-53.9715385437
-55.6615600586
-55.8055610657
-53.1194725037
-50.3442153931
-49.2505111694
-49.4450798035
-47.7002868652
-48.0050735474
-48.8944282532
-51.4383277893
-49.8893013
-49.110004425
-48.452709198
-47.5899085999
-46.7756004333
-46.2561721802
-48.0164794922
-49.0634994507
-49.3972854614
-49.4999465942
-50.4528274536
-49.81432724
-48.5249633789
-48.8562049866
-46.861038208
-48.2267875671
-48.8952026367
-50.4796714783
-51.1470146179
-51.8275756836
-50.7037162781
-51.589427948
-51.62840271
-52.7506103516
-54.2010955811
-53.9014167786
-52.774471283
-51.624420166
-50.5443115234
-48.7089424133
-50.820514679
-50.3433532715
-50.3073501587
-50.1645927429
-50.4353027344
-49.8009033203
-49.2673339844
-50.3802070618
-48.9877853394
-49.8558387756
-48.8533706665
-49.5495605469
-49.5181427002
-51.7113838196
-51.3671226501
-51.683265686
-50.1143074036
-49.7809295654
-47.8132591248
-47.4588546753
-46.8906402588
-49.1075744629
-49.177406311
-51.6647872925
-50.3788871765
-50.2279968262
-49.0362281799
-49.0343399048
-48.8658714294
-49.0503005981
-49.3285217285
-51.6493186951
-51.6200828552
-50.8524284363
-51.4258117676
-51.0331077576
-49.3762435913
-50.6443061829
-49.5016174316
-50.6400604248
-50.2623596191
-49.9117622375
-49.0725975037
-50.7776298523
-51.9170074463
-53.0473175049
-54.0072555542
-54.3377113342
-52.279094696
-49.7102127075
-49.6984024048
-48.8384056091
-48.79296875
-50.1776046753
-52.3335838318
-51.8639640808
-52.8296585083
-52.44165802
-51.3112869263
-51.6777992249
-53.380569458
-53.9968528748
-53.2695388794
-54.4311141968
-53.0198516846
-52.8894081116
-50.2923622131
-51.2857933044
-52.0226211548
-51.0606575012
-49.1802024841
-51.1810264587
-51.7337684631
-51.3104515076
-52.9190979004
-52.9212760925
-52.922908783
-51.7045555115
-50.3109207153
-51.3178138733
-53.1199569702
-51.8978996277
-51.3445281982
-51.4444999695
-48.9435920715
-48.9005317688
-50.979385376
-52.513256073
-54.2160415649
-55.3035240173
-55.9591751099
-55.7001037598
-53.0865020752
-52.6488609314
-50.9279327393
-49.1350593567
-49.392375946
-51.0220413208
-51.4333267212
-52.1436538696
-53.2781715393
-51.7680435181
-53.9061508179
-52.1399803162
-53.168346405
-51.916305542
-53.8647842407
-51.5958824158
-52.9227752686
-53.207775116
-53.9453582764
-50.3032989502
-51.0706710815
-50.9793052673
-51.2896537781
-51.9244308472
-54.1666488647
-53.3867645264
-53.5889511108
-52.1676597595
-51.3346557617
-50.0789108276
-50.813117981
-50.2330131531
-49.5276870728
-49.1535453796
-49.3215370178
-48.1306152344
-48.940536499
-48.318813324
-47.7835884094
-47.6388282776
-48.3262710571
-47.8320007324
-50.3015098572
-50.7982025146
-53.0287780762
-54.6564674377
-53.4837036133
-52.3497009277
-53.0706062317
-51.8996009827
-51.4954605103
-52.1064376831
-52.5925827026
-52.0561294556
-49.8150634766
-47.9255943298
-48.2180671692
-47.9147262573
-48.6687011719
-49.6077461243
-49.1874237061
-50.0778617859
-50.2288284302
-48.0966720581
-49.6926383972
-51.5729141235
-50.488986969
-49.7551078796
-51.1639289856
-49.7594108582
-47.0390930176
-48.2427444458
-47.4993858337
-47.912525177
-49.6058349609
-52.2097473145
-52.6610145569
-54.0793457031
-52.9743347168
-52.485080719
-51.6499176025
-48.8260993958
-46.7135429382
-45.7834777832
-44.7885131836
-44.696975708
-44.6970787048
-45.1611175537
-44.5817718506
-44.2585678101
-44.7166900635
-44.530040741
-44.7885665894
-46.1468315125
-45.750919342
-44.4911422729
-46.5170516968
-48.7670555115
-48.5972900391
-48.6423149109
-49.2439498901
-47.7428817749
-45.7032051086
-46.3566322327
-46.6200141907
-47.2634620667
-48.2819061279
-50.6107978821
-50.6028442383
-51.6997413635
-51.5959091187
-52.1437530518
-50.6669044495
-50.4665184021
-50.6265907288
-50.3034133911
-50.4857826233
-51.2018966675
-50.8690223694
-49.8344154358
-48.7792243958
-49.296710968
-48.3944244385
-49.1379890442
-49.8612480164
-51.1387138367
-48.2193222046
-49.3941078186
-49.5153427124
-49.2038803101
-50.2301712036
-50.9916343689
-51.4307594299
-51.4844207764
-52.1012687683
-51.7057914734
-52.0680046082
-52.0814285278
-51.5972099304
-49.9743881226
-48.9405174255
-49.3847122192
-48.5013961792
-47.7759590149
-48.6654701233
-48.9688873291
-49.2853965759
-48.868019104
-48.9094543457
-51.3433113098
-52.1439857483
-50.2123603821
-48.7874832153
-47.5171508789
-43.9273910522
-43.9116439819
-44.8541870117
-48.0027542114
-49.5902023315
-50.1862411499
-49.3735046387
-49.7983856201
-48.7334632874
-48.1015968323
-49.7533416748
-49.5609550476
-52.1466903687
-53.3386764526
-55.8650932312
-54.4453048706
-55.4393615723
-54.4529876709
-53.5952987671
-53.5985717773
-55.5299491882
-54.8856697083
-53.6990890503
-52.0297050476
-52.3546867371
-52.0933113098
-52.6018447876
-53.3168296814
-56.2885398865
-54.0528411865
-53.8972549438
-56.1162567139
-55.4281997681
-54.2932472229
-56.6926116943
-54.9729118347
-53.7994346619
-54.532497406
-54.8494148254
-53.8359985352
-55.9463920593
-55.6810798645
-56.4524116516
-54.6151275635
-53.5868759155
-52.6223640442
-53.4203071594
-52.7032203674
-53.5484275818
-53.6736679077
-54.8416290283
-53.0002937317
-52.0129547119
-52.6195831299
-52.6432609558
-52.091758728
-51.6023521423
-52.2923202515
-51.0826454163
-50.6170806885
-50.6943054199
-51.4791870117
-51.5603904724
-50.9873695374
-52.0653152466
-52.4707374573
-51.4167060852
-51.9502334595
-54.7758178711
-55.9280967712
-54.9532928467
-57.6957206726
-55.9155197144
-55.7664070129
-54.2680778503
-53.7635993958
-52.4433135986
-53.920425415
-53.5135307312
-53.2805137634
-53.0188446045
-53.2305030823
-52.7328262329
-52.4528083801
-52.6259307861
-53.2814865112
-53.7079772949
-54.9468841553
-55.1885299683
-56.7998542786
-57.6818389893
-55.3859367371
-54.3457679749
-53.7770729065
-53.5334243774
-52.4260673523
-55.4747848511
-55.9171600342
-56.0756950378
-54.4347763062
-54.7575416565
-53.4927597046
-53.7875671387
-53.6116294861
-53.4038658142
-52.5358848572
-52.2371673584
-51.0639419556
-51.4036827087
-52.5203781128
-54.3503608704
-56.5834197998
-57.3591156006
-59.7727165222
-60.4981040955
-61.6374664307
-59.6713371277
-60.4098320007
-58.733581543
-57.4048576355
-56.926486969
-58.6434669495
-57.7967376709
-56.4460639954
-57.8730316162
-57.5591316223
-55.126285553
-56.6724853516
-57.388923645
-56.533744812
-54.0678863525
-56.6636390686
-55.4468765259
-55.4026908875
-55.309223175
-56.8705940247
-55.2310066223
-53.6189079285
-54.2512550354
-55.2061576843
-53.8544654846
-53.32289505
-54.593963623
-52.9492835999
-51.5142784119
-51.651725769
-52.8608360291
-54.5480957031
-53.7444610596
-53.9768676758
-56.2190551758
-55.7094764709
-53.6398391724
-56.0102996826
-55.997833252
-55.6961135864
-56.3960113525
-56.7058334351
-55.2630119324
-56.8456382751
-57.3637619019
-55.7870407104
-56.3505744934
-56.4253616333
-54.4836578369
-53.2909965515
-53.0517349243
-54.5050430298
-56.4612731934
-57.3607559204
-55.6399459839
-56.5754508972
-55.0178604126
-54.5181541443
-53.2875518799
-56.6565284729
-56.4248962402
-56.6539382935
-56.2457733154
-56.9420585632
-55.6387672424
-56.400604248
-55.7326393127
-55.9080581665
-56.3599891663
-56.9087867737
-56.4049034119
-56.8393745422
-54.8927192688
-55.6867485046
-54.9110527039
-54.8286705017
-54.2784118652
-54.8647079468
-54.8490562439
-55.8902702332
-55.6452636719
-55.9743156433
-57.3868370056
-56.1113357544
-55.9744262695
-57.0510253906
-58.3886680603
-59.0621490479
-60.2933959961
-60.0159225464
-59.5170059204
-57.3388328552
-56.848526001
-56.7061157227
-55.6896629333
-56.074005127
-57.0279006958
-57.6224555969
-57.8479385376
-58.5472068787
-59.263961792
-60.2046737671
-57.2420921326
-57.7801208496
-57.8398666382
-56.7976531982
-55.4917869568
-57.6032295227
-55.3809432983
-55.0407295227
-54.3683128357
-54.7850952148
-53.4883880615
-54.0942573547
-52.8470993042
-54.1343307495
-55.6233520508
-56.2595481873
-56.314453125
-56.8886032104
-56.4051742554
-54.2913589478
-54.6625061035
-54.5855484009
-55.5200157166
-55.4243202209
-56.3862838745
-55.5727157593
-54.6628990173
-53.5592155457
-53.3209228516
-53.3928871155
-54.3785133362
-55.6328277588
-57.8648681641
-57.0250205994
-56.3572883606
-55.4178466797
-54.1587409973
-51.6116638184
-52.8323249817
-54.181476593
-55.2038192749
-56.7392463684
-57.7858467102
-56.9410552979
-56.2820663452
-56.839881897
-56.2058334351
-58.2921485901
-59.7929000854
-60.1980323792
-59.6893577576
-59.8990898132
-58.7559318542
-57.8190155029
-58.4908180237
-57.6030807495
-59.2066345215
-58.3573417664
-58.3704681396
-57.6219100952
-58.1307792664
-56.6994934082
-58.0483360291
-57.6590957642
-58.0357284546
-56.7929992676
-59.0359344482
-59.4615745544
-59.3983879089
-60.5277862549
-61.1548843384
-60.7857780457
-58.3866920471
-58.6881752014
-56.5653419495
-57.4720153809
-56.5185165405
-57.7323570251
-59.6351051331
-61.0076904297
-59.7029151917
-59.4801025391
-57.8938331604
-57.0701713562
-54.9453964233
-56.1072998047
-56.772354126
-59.0066566467
-57.3424034119
-58.1324081421
-58.0316886902
-57.2798347473
-56.8633842468
-57.4114227295
-57.7381439209
-58.3628005981
-57.090057373
-58.2079277039
-58.4766807556
-60.4323921204
-60.1549568176
-59.8960990906
-58.4778862
-59.1953163147
-55.8095588684
-54.9491386414
-55.9154624939
-54.5157356262
-54.4492645264
-55.2786445618
-56.1595001221
-55.6494560242
-57.1939468384
-56.2966194153
-55.7815361023
-58.1257514954
-59.4477653503
-60.5014610291
-60.8148956299
-61.5954399109
-58.6004981995
-58.1811408997
-56.7532272339
-57.1005897522
-58.108707428
-57.6412010193
-59.819694519
-60.3161773682
-60.1521186829
-59.5199584961
-62.3066596985
-61.2742538452
-61.6521644592
-61.3359222412
-62.1706047058
-60.369304657
-59.5880012512
-59.3639297485
-60.5246963501
-59.1364479065
-59.1124992371
-58.635269165
-59.1781921387
-58.0658912659
-57.7505378723
-60.3056793213
-60.6660995483
-60.1758155823
-61.3329238892
-61.889125824
-59.3941726685
-59.6706771851
-58.2629051208
-57.5942001343
-58.3262863159
-59.8186950684
-59.7546806335
-61.5812339783
-60.7336120605
-61.5882110596
-60.9172897339
-60.2471389771
-60.1091766357
-60.8360290527
-59.9999465942
-61.2070617676
-61.7493171692
-60.8198394775
-62.0493354797
-61.9617271423
-60.6713371277
-60.812587738
-62.8009719849
-61.1610412598
-62.4769973755
-63.1514282227
-65.4518508911
-64.6851196289
-65.5387039185
-63.8580474854
-62.0283432007
-59.3384742737
-58.3193626404
-58.9403381348
-60.0878295898
-61.3377952576
-63.0381507874
-62.4562759399
-62.7353248596
-62.7262535095
-64.1661071777
-61.8216705322
-61.9625320435
-61.1373291016
-60.4183044434
-58.1555290222
-60.4213485718
-61.448841095
-59.9060783386
-59.4070167542
-59.843585968
-58.040763855
-58.7304916382
-60.5684165955
-61.4362030029
-62.6716842651
-65.5664215088
-64.7741851807
-65.2788391113
-66.4424133301
-65.9460067749
-64.7888793945
-65.1181945801
-65.7276535034
-64.9362182617
-65.4751205444
-63.8428115845
-66.1860733032
-66.3009872437
-67.6562271118
-67.4440994263
-67.3539276123
-67.6925430298
-67.1338119507
-64.9107589722
-63.385509491
-64.6567840576
-62.9841194153
-63.7973327637
-63.4580612183
-65.3242950439
-64.9343948364
-63.3922576904
-62.9668006897
-65.2450485229
-65.1176300049
-64.7879943848
-64.8311843872
-64.0905075073
-61.4442138672
-62.4757614136
-63.8227844238
-64.4139480591
-64.8525848389
-66.3581695557
-63.7007484436
-62.8731956482
-62.0346641541
-62.6699447632
-62.6780929565
-63.2481384277
-65.2565765381
-67.7043914795
-65.476524353
-66.7355804443
-67.8986587524
-66.8016357422
-64.765296936
-66.3712844849
-65.3072052002
-64.6394042969
-64.6288452148
-65.8585357666
-65.1467437744
-64.5177993774
-64.3996353149
-63.521396637
-61.6948127747
-60.9427185059
-60.1274986267
-59.0356178284
-59.3893356323
-59.4777297974
-59.2356643677
-61.0482444763
-62.6909065247
-62.4977912903
-64.5821075439
-65.7534179688
-64.5281448364
-64.2193603516
-65.5143280029
-64.8494644165
-63.6812782288
-65.1628417969
-64.380241394
-63.3435440063
-63.950553894
-65.1904525757
-64.4632873535
-66.5300369263
-66.4607772827
-67.1338806152
-67.1760482788
-68.0872421265
-66.5525131226
-65.0228042603
-63.6169891357
-63.3541870117
-63.3507499695
-62.7494850159
-64.1207122803
-65.0950317383
-65.4633636475
-63.7337722778
-64.4038848877
-63.9205322266
-62.9641151428
-62.8571281433
-63.7140007019
-64.2968902588
-64.8141708374
-64.4639511108
-64.1932373047
-64.3674087524
-64.340927124
-64.8210906982
-66.7133331299
-66.6294174194
-67.065612793
-66.7853393555
-68.2185897827
-67.7568511963
-69.3252716064
-70.0175933838
-70.4070205688
-68.9968566895
-68.4102401733
-68.7624435425
-68.411781311
-69.0010147095
-69.195640564
-67.3042602539
-67.8648300171
-69.868598938
-67.6769790649
-69.1212768555
-71.9504318237
-71.3291854858
-67.7822952271
-69.2242584229
-68.1465301514
-67.8716278076
-66.3843917847
-67.1404266357
-67.3137130737
-67.0280151367
-66.6230316162
-66.1755142212
-66.5080490112
-65.861366272
-64.8230514526
-63.9659881592
-64.199836731
-63.2671546936
-62.9942512512
-62.6833877563
-64.179397583
-66.0652770996
-66.6090087891
-67.2248687744
-69.167175293
-68.795173645
-68.0618362427
-67.6039123535
-67.2467651367
-66.4032897949
-65.6541213989
-64.169380188
-65.6765289307
-64.9686126709
-63.3468551636
-64.1862030029
-65.6560897827
-64.5221710205
-66.3355102539
-68.8920516968
-67.0999679565
-65.3360671997
-66.3477172852
-65.2212295532
-62.3265342712
-62.7764778137
-63.690322876
-63.9005241394
-63.9755210876
-65.3387908936
-65.1919937134
-65.4156646729
-62.7963104248
-65.024269104
-66.4008102417
-66.2471466064
-65.832901001
-66.3838348389
-63.6628303528
-60.5972633362
-61.338054657
-62.1052742004
-62.8382415771
-63.7538528442
-63.6585655212
-62.9586715698
-63.1091270447
-62.988571167
-62.146648407
-64.5900650024
-65.0294113159
-65.0587234497
-66.4384536743
-68.1909713745
-68.1615905762
-69.8871841431
-71.3325195312
-70.9041519165
-71.5841445923
-71.9671096802
-69.6900939941
-67.2195053101
-67.3413162231
-66.3532028198
-65.99609375
-66.7860717773
-68.0492630005
-67.9638214111
-66.788444519
-65.8667526245
-66.0645904541
-65.7137374878
-66.0068740845
-64.312789917
-65.2378463745
-64.5768585205
-63.808139801
-63.4977760315
-66.1820755005
-67.7210083008
-67.8047103882
-68.6427612305
-68.9808654785
-69.0170135498
-65.7811813354
-66.920173645
-66.8728790283
-66.1762161255
-63.9847946167
-65.3114700317
-64.9103317261
-64.3557128906
-62.5884895325
-64.290687561
-64.2340927124
-65.329864502
-65.4677124023
-66.692527771
-67.3327407837
-69.9332504272
-69.85987854
-70.8575363159
-71.7506561279
-72.0543518066
-70.0402145386
-70.383972168
-69.9477310181
-69.3229904175
-68.4075927734
-69.2716369629
-67.3186721802
-67.267250061
-70.0451202393
-70.4765930176
-68.8825759888
-68.2103271484
-69.7307662964
-69.1073989868
-68.0877456665
-67.2282028198
-68.6929016113
-66.6775970459
-63.7635040283
-64.8404388428
-65.1436691284
-65.016746521
-64.9425506592
-66.7199020386
-66.0209121704
-67.3782577515
-67.6628570557
-68.0954818726
-67.8433456421
-68.1696929932
-68.7938232422
-67.8767471313
-67.983833313
-69.1122970581
-69.8658447266
-69.6472091675
-69.6643066406
-68.6950683594
-69.8294830322
-71.3391647339
-72.6335601807
-74.6590805054
-75.7738418579
-73.786781311
-72.5806503296
-70.6716918945
-69.8513870239
-69.1051635742
-69.3441848755
-69.7807312012
-71.1045303345
-70.3930358887
-72.1251831055
-72.9355010986
-73.3008804321
-73.4046173096
-75.7354278564
-74.5466079712
-73.9862060547
-72.2877655029
-70.3553314209
-69.1077041626
-69.2225341797
-68.5617675781
-70.1992034912
-70.0074081421
-70.5565795898
-70.4716033936
-70.7113037109
-69.6851425171
-71.85597229
-70.4393844604
-70.3248672485
-70.4687347412
-70.4704208374
-69.7303619385
-70.7152481079
-70.4846191406
-69.2615127563
-67.6794967651
-65.8682785034
-64.9157028198
-65.0906524658
-66.7804489136
-68.1596984863
-69.5169067383
-71.1552658081
-71.4568252563
-70.4228286743
-70.3869857788
-70.1742401123
-69.2332992554
-70.1090316772
-69.4200057983
-69.8248291016
-70.0362625122
-68.5274276733
-66.6885070801
-67.8911972046
-66.0010910034
-65.2783584595
-66.5343093872
-67.8900527954
-68.3684234619
-68.017036438
-68.1322402954
-66.5254364014
-67.0338668823
-65.5981674194
-67.8108291626
-68.4907455444
-69.7439346313
-70.2094345093
-71.3088760376
-70.808013916
-70.3642120361
-69.8413162231
-68.5221633911
-66.9939498901
-66.8552932739
-66.1329650879
-64.7089385986
-64.2856903076
-62.5017166138
-61.6199188232
-62.6684761047
-63.1849250793
-62.0988235474
-63.9528884888
-63.8047523499
-62.9085006714
-64.5679931641
-65.1377029419
-65.6168289185
-68.5048294067
-68.9386520386
-68.814239502
-70.6411819458
-71.2110061646
-70.7498245239
-72.0845031738
-72.4438476562
-72.7827682495
-73.8251724243
-74.0801391602
-74.4221343994
-74.755317688
-74.1729812622
-72.0086593628
-70.6320266724
-70.7338943481
-67.4529876709
-65.8160324097
-65.4289627075
-63.9164237976
-61.9535980225
-65.1454544067
-66.320930481
-69.1773147583
-71.4905853271
-72.5847625732
-71.3460235596
-72.2299804688
-70.0045471191
-68.1232833862
-67.1988754272
-67.011505127
-66.8311004639
-67.7296676636
-68.3887481689
-69.6651077271
-71.3308639526
-72.6951751709
-73.0926971436
-74.8826599121
-74.9877929688
-76.1181640625
-73.1531677246
-72.9149169922
-74.1956787109
-73.676399231
-72.5419845581
-73.0651779175
-72.9411315918
-70.8889923096
-69.9804611206
-69.9637145996
-70.2501754761
-69.4623413086
-68.5531158447
-70.62915802
-68.8900909424
-66.5945663452
-67.7668457031
-69.4688644409
-68.4919052124
-70.8827209473
-72.5549621582
-74.0313186646
-72.3005142212
-72.4149627686
-71.6283111572
-73.1201324463
-70.2778015137
-72.2791900635
-73.2404174805
-73.4353866577
-74.0681838989
-73.7742156982
-72.8137741089
-72.1166305542
-70.8962936401
-69.1228485107
-70.3684844971
-69.2671661377
-68.0206985474
-68.2376022339
-67.8224639893
-66.7174453735
-68.6099853516
-69.2815170288
-69.3563232422
-70.5313186646
-72.1758041382
-70.5481338501
-70.3584442139
-68.8629608154
-68.7031707764
-67.6533355713
-66.3505477905
-64.982460022
-64.480506897
-63.5248184204
-63.275932312
-64.5057067871
-64.5378341675
-66.186706543
-65.611946106
-63.7350654602
-64.0437927246
-65.1372146606
-63.9901542664
-65.1477890015
-67.585395813
-67.3509902954
-69.0014953613
-70.3408432007
-70.6930541992
-71.1467895508
-71.1739501953
-70.0014343262
-71.5344467163
-71.8073501587
-71.5063552856
-71.750038147
-71.3116455078
-71.7393798828
-70.8802032471
-71.8068695068
-71.8209152222
-73.9909973145
-73.0959777832
-76.0137786865
-76.7406539917
-77.9281768799
-76.4230651855
-76.7405776978
-75.8190917969
-73.024772644
-72.4017105103
-72.1254806519
-71.6111831665
-69.4930953979
-70.4468994141
-69.8628463745
-68.3685836792
-67.2907180786
-68.8455047607
-70.6939163208
-72.5682983398
-74.4882965088
-75.6981887817
-74.5448532104
-73.0973434448
-70.5020294189
-70.4265365601
-69.3697509766
-70.0692901611
-70.0939483643
-68.852142334
-67.5245361328
-69.9351425171
-68.5246047974
-69.1147766113
-71.6586151123
-71.6014022827
-68.4238739014
-69.2789611816
-66.3882598877
-65.4478530884
-66.5267562866
-68.3342285156
-67.4429550171
-68.7320251465
-69.4808120728
-69.0896606445
-67.8726806641
-68.2490386963
-68.5297698975
-68.5197525024
-70.0978393555
-70.7965240479
-71.0335617065
-73.1714706421
-73.057258606
-71.1548309326
-71.8035964966
-71.5246276855
-68.5947952271
-69.1339492798
-69.3905639648
-67.0723953247
-65.3094177246
-66.8172683716
-66.3635864258
-68.3819580078
-70.4770584106
-72.2476348877
-70.9804000854
-71.0282821655
-69.5348739624
-68.7078857422
-69.9370651245
-70.6581420898
-69.7047271729
-70.2763595581
-69.659538269
-69.9467391968
-71.7661514282
-73.0077896118
-72.4967651367
-74.1636199951
-72.7784881592
-71.7827758789
-71.6918258667
-72.3843917847
-73.1142883301
-74.640953064
-75.6905899048
-75.2149353027
-74.5686264038
-72.6199951172
-71.8479309082
-70.5930633545
-72.1426925659
-73.1630783081
-72.5663757324
-73.3662872314
-74.3003387451
-72.8766937256
-71.9393997192
-73.5716171265
-71.6031417847
-71.2467956543
-70.8848114014
-69.7494049072
-68.7424163818
-67.4659423828
-66.0373764038
-66.7848815918
-67.9404525757
-69.2211990356
-71.4678649902
-72.5581741333
-72.5614852905
-71.5968704224
-71.3463363647
-72.6879577637
-72.9867172241
-72.6097717285
-72.3765258789
-70.9761047363
-69.366859436
-69.7841339111
-70.4908218384
-71.1375579834
-71.8310012817
-73.499710083
-74.9497375488
-74.3321685791
-74.0834350586
-74.9619979858
-75.489944458
-72.224899292
-70.9873275757
-71.7172470093
-71.6652984619
-69.714050293
-69.7205276489
-70.4093017578
-69.9211502075
-70.2645187378
-69.7806625366
-70.7700881958
-73.160697937
-71.3592834473
-70.9163513184
-73.3204193115
-76.3519439697
-73.8310623169
-76.0898284912
-75.323928833
-74.2107772827
-71.7510986328
-71.3237228394
-70.9676589966
-71.4384155273
-71.4062805176
-72.1112289429
-75.2470169067
-76.1668395996
-76.7140045166
-76.4415893555
-76.5648193359
-75.3754348755
-75.426612854
-74.1889953613
-72.3392868042
-71.2238845825
-69.1024703979
-68.5908355713
-69.1758956909
-71.7229156494
-72.007484436
-73.4699325562
-73.1388549805
-72.9857559204
-72.1328430176
-72.1930160522
-73.2695007324
-72.9931182861
-71.6144790649
-71.4657440186
-70.4302062988
-69.3360900879
-70.6439056396
-72.408531189
-72.3232727051
-72.6317062378
-73.9781494141
-74.0156555176
-74.2236633301
-74.721321106
-75.2816848755
-74.4882888794
-74.3833694458
-75.6940155029
-74.9552612305
-75.0667114258
-73.3589782715
-73.287979126
-71.6811676025
-71.1768188477
-70.5476074219
-71.7059631348
-72.9526824951
-72.7597122192
-72.8465576172
-73.734992981
-75.0452575684
-72.6918029785
-72.7814331055
-73.8139648438
-74.8868408203
-73.2055969238
-73.8884811401
-74.1737365723
-73.9253082275
-72.49659729
-72.8401031494
-74.88621521
-73.9570236206
-74.6633682251
-75.3844680786
-76.7771377563
-75.832244873
-77.5088577271
-77.5017166138
-77.010559082
-76.7488861084
-76.6492080688
-76.9862747192
-76.8771743774
-77.8304748535
-76.1646270752
-75.1122817993
-75.3850708008
-76.140625
-74.7489471436
-75.3204956055
-74.9111862183
-73.2364120483
-72.8882446289
-72.6149673462
-72.5608215332
-74.6677780151
-74.136390686
-72.3363037109
-73.4961242676
-74.4070739746
-73.4073944092
-75.1449661255
-77.5452423096
-77.1539077759
-76.8399505615
-77.8904342651
-77.5982666016
-75.1012039185
-75.8684616089
-74.8573989868
-73.3858566284
-74.0292816162
-75.2152633667
-74.212387085
-75.2254867554
-74.450088501
-72.8539352417
-76.2407684326
-77.7156982422
-77.4337997437
-79.1691360474
-81.1991653442
-78.5390701294
-76.7268447876
-77.6288757324
-77.8587799072
-77.5439071655
-77.1790390015
-78.0738601685
-78.1015319824
-78.8674697876
-79.7473297119
-81.6100540161
-81.6874313354
-80.5128326416
-80.0340194702
-77.7720108032
-76.4531860352
-75.1463623047
-76.4826126099
-75.5526657104
-76.2765731812
-75.7036743164
-76.8578414917
-75.9259643555
-75.2433547974
-75.4578399658
-74.5296554565
-74.6887893677
-74.1199264526
-74.566116333
-73.9875564575
-74.8347091675
-74.61693573
-75.9301147461
-75.4972000122
-75.1631011963
-75.9481506348
-77.0391693115
-76.3660430908
-77.879234314
-79.2752609253
-79.4264984131
-78.6695251465
-78.6553497314
-79.0443115234
-77.2367095947
-76.6961517334
-77.226776123
-79.0295410156
-77.9153137207
-78.3472518921
-80.3987503052
-79.3762054443
-76.7400283813
-77.8066482544
-79.2003097534
-79.0571060181
-80.057723999
-81.0711975098
-80.4024353027
-80.4409179688
-80.0530548096
-79.7208633423
-81.6479492188
-81.1240997314
-81.217048645
-81.4190063477
-81.8523864746
-80.6573944092
-81.927734375
-82.3025054932
-80.0431365967
-80.4501342773
-82.4095993042
-82.7359466553
-83.4308929443
-85.7713012695
-85.7711868286
-83.7089157104
-82.1918716431
-80.023979187
-80.8140182495
-80.7680053711
-80.2142791748
-81.6210250854
-82.5672302246
-79.4679718018
-77.5072860718
-77.9416275024
-76.3177108765
-75.180847168
-75.665145874
-76.9119567871
-76.8479003906
-79.0687713623
-81.3338088989
-81.2810134888
-81.470413208
-82.1593322754
-80.0543441772
-77.9272918701
-78.4329376221
-77.9808425903
-77.3018493652
-78.6100769043
-79.448928833
-79.3923721313
-80.602684021
-81.5458602905
-80.440032959
-79.1920623779
-78.6273956299
-77.2275772095
-76.5582046509
-76.9668807983
-78.7212753296
-79.0604782104
-78.6637191772
-79.76902771
-81.1136779785
-80.2204589844
-81.5237731934
-83.2001800537
-82.0091018677
-81.2322998047
-81.3538360596
-81.4546585083
-81.0511856079
-81.9235305786
-82.4995498657
-83.3622436523
-81.7956542969
-81.3399887085
-81.0662994385
-81.2420043945
-81.923538208
-81.0829238892
-81.6230010986
-80.6946411133
-79.0910720825
-78.1954269409
-80.1979598999
-79.8637084961
-80.9619445801
-81.0910644531
-81.1328277588
-79.9898834229
-80.5410003662
-80.2804031372
-80.8339080811
-80.844329834
-81.8162307739
-80.6732940674
-80.09349823
-80.5492935181
-80.2344284058
-80.5138778687
-82.7914428711
-83.1231994629
-82.8892288208
-83.2335586548
-82.9821166992
-79.9496917725
-80.1424636841
-79.9901885986
-79.4811553955
-77.7789611816
-78.679069519
-78.9922866821
-79.6339950562
-81.5896072388
-83.3591537476
-84.3650360107
-85.2454681396
-84.3599395752
-82.8772735596
-81.6923065186
-80.9846038818
-78.197769165
-79.3103485107
-78.6716156006
-79.6970977783
-80.018661499
-80.3134307861
-80.4225921631
-81.2912063599
-82.1707000732
-81.3697052002
-82.803062439
-81.4242935181
-81.1698989868
-80.6739120483
-83.9767608643
-85.9850769043
-87.3713912964
-88.5198745728
-88.3283233643
-86.4321289062
-84.6022720337
-84.2778396606
-83.6500320435
-83.2043228149
-82.4792709351
-82.1366958618
-82.585067749
-81.6853942871
-81.561630249
-81.4311904907
-82.0018615723
-81.7842407227
-82.1736679077
-84.0514221191
-83.8088760376
-84.1485443115
-83.7341995239
-82.27784729
-80.5007247925
-81.43775177
-81.1470108032
-79.7364120483
-80.3052978516
-81.206413269
-81.9470748901
-81.2525482178
-82.3336639404
-84.4744491577
-83.9102096558
-84.0418014526
-84.8983230591
-84.9221572876
-83.4949645996
-83.7636260986
-84.2432174683
-83.2971191406
-83.9516372681
-85.7193908691
-84.4400253296
-83.5449371338
-84.3924255371
-85.2567596436
-83.8352966309
-84.677444458
-84.0141448975
-84.1921157837
-82.3690261841
-82.2644500732
-82.7723464966
-82.7474060059
-83.3585891724
-84.6526031494
-85.6362609863
-85.0623245239
-84.7870788574
-84.4978790283
-83.710395813
-83.5797805786
-83.5890350342
-85.5768051147
-84.2287979126
-82.9655075073
-80.532951355
-79.5323791504
-77.6145248413
-78.1973495483
-78.4278869629
-80.3823013306
-81.332611084
-80.1754074097
-80.3752670288
-81.0600814819
-80.1977844238
-79.1601486206
-80.2040786743
-80.1086959839
-79.7607650757
-80.6224899292
-81.9202041626
-81.6158065796
-81.787361145
-82.5927429199
-80.8497314453
-79.9068832397
-79.144241333
-77.5569839478
-76.8324127197
-77.3949050903
-78.7888870239
-81.2617721558
-82.1937255859
-82.2555160522
-81.9478530884
-81.4886932373
-80.0107345581
-80.5433044434
-80.6014633179
-80.3039321899
-80.2592773438
-79.5012207031
-78.5478515625
-78.8658752441
-78.4818267822
-78.9437026978
-78.3233795166
-79.8132476807
-78.8298034668
-80.3614349365
-78.3162155151
-78.634803772
-77.9085083008
-76.8981781006
-76.1374969482
-78.0022125244
-78.588470459
-77.4548721313
-78.1406707764
-79.4894638062
-78.2276535034
-79.2800292969
-80.0548019409
-81.7791137695
-81.2691879272
-81.9001922607
-80.3595123291
-80.7416000366
-80.2703781128
-81.4439239502
-83.3912506104
-86.0152587891
-86.6920700073
-88.0014190674
-88.2034835815
-86.6466598511
-85.5705108643
-84.7844696045
-83.9280929565
-82.957862854
-82.4163284302
-82.3153839111
-81.9155654907
-81.3141708374
-81.9834518433
-81.7596206665
-81.4274368286
-81.6161346436
-81.9243850708
-80.8966674805
-83.3144760132
-85.2667617798
-86.8101272583
-87.5162734985
-89.0198822021
-88.2888793945
-87.0043563843
-86.2930755615
-85.002243042
-84.473487854
-83.6583709717
-83.4475326538
-82.875869751
-83.6537628174
-84.6807937622
-84.4020233154
-83.8524475098
-83.615447998
-84.2999725342
-82.6566543579
-82.3631515503
-83.4345550537
-84.0011672974
-84.7989807129
-84.6909484863
-84.4204788208
-83.8355484009
-83.9336547852
-83.6882781982
-84.8108139038
-85.9821929932
-86.0320281982
-86.209777832
-85.1398391724
-84.2037353516
-83.4046325684
-85.2228775024
-86.980430603
-88.6692352295
-89.7447891235
-93.9135742188
-92.106628418
-92.1737442017
-92.0701217651
-92.0277557373
-88.334236145
-90.1881866455
-90.5874328613
-89.3109893799
-89.3139190674
-89.4910888672
-87.6951141357
-86.2789001465
-86.3408737183
-86.3331985474
-86.7752838135
-86.7390594482
-85.4786682129
-83.5100708008
-83.2053756714
-83.2483596802
-82.5659713745
-82.3447418213
-84.1455535889
-85.4095993042
-84.2527008057
-84.4753494263
-85.4741821289
-85.5034561157
-83.6597366333
-84.6182937622
-85.9718551636
-84.2153015137
-85.2423095703
-85.3187179565
-85.7664489746
-84.5399780273
-85.446472168
-84.553352356
-86.252532959
-85.3008499146
-87.7097702026
-88.4534072876
-89.6005096436
-87.8560256958
-88.6947097778
-89.2689285278
-88.8996505737
-87.3271102905
-90.7902908325
-89.7172012329
-86.7023010254
-88.3169021606
-89.1023254395
-86.8763885498
-88.3860702515
-88.5840454102
-87.0170516968
-87.1446380615
-87.3932495117
-87.102684021
-87.1918106079
-88.5250473022
-88.7997436523
-87.5183944702
-87.2911224365
-88.4570236206
-88.4071350098
-88.0843582153
-89.9586868286
-92.5126113892
-92.9220046997
-91.3254928589
-91.2827987671
-89.1092910767
-86.3382949829
-84.8769226074
-84.7545089722
-84.40234375
-84.5151443481
-83.7645263672
-84.3077774048
-85.4789657593
-84.5526199341
-84.4057693481
-83.8382644653
-83.4325408936
-81.4810562134
-82.3055496216
-83.040802002
-83.6849136353
-83.2244338989
-83.9175033569
-81.6736907959
-80.3397369385
-80.2161407471
-80.1143112183
-80.3907241821
-82.8427429199
-83.6016921997
-82.4542388916
-81.0539093018
-80.2269821167
-79.0183181763
-80.2187347412
-82.3940658569
-84.5000076294
-85.3009033203
-86.5828857422
-85.7805938721
-85.7078170776
-85.0385818481
-84.8731918335
-83.7875976562
-83.4291915894
-83.0278244019
-83.4786529541
-85.1939849854
-84.9695281982
-87.1265792847
-87.9481277466
-87.5177307129
-85.6623535156
-85.3446273804
-84.5860748291
-84.3060302734
-84.1800765991
-83.7416152954
-84.5878372192
-84.3879470825
-83.8852081299
-84.9253311157
-85.7441711426
-85.8586502075
-85.3728790283
-84.9649581909
-86.7792282104
-85.4619369507
-84.9002380371
-85.6602935791
-87.7398071289
-86.2262496948
-89.1606903076
-89.8854827881
-89.101852417
-88.3216781616
-87.725227356
-87.8036956787
-87.1262054443
-87.2181091309
-87.0333404541
-88.509552002
-85.642326355
-86.6778717041
-86.0900497437
-86.2325897217
-85.5369491577
-87.0127182007
-87.4186477661
-88.7772750854
-89.3416671753
-89.7266693115
-89.8215332031
-88.6240768433
-87.9260406494
-86.3046112061
-85.6737518311
-85.1350097656
-85.6977081299
-85.6826477051
-84.7623291016
-83.8503417969
-84.6010894775
-84.5540313721
-82.0244827271
-84.1044158936
-85.2789611816
-85.4723892212
-85.1812438965
-88.3107223511
-87.7319335938
-86.2072525024
-85.2496261597
-85.6483612061
-84.436630249
-84.5182266235
-85.603225708
-86.3729248047
-86.8172912598
-87.193572998
-87.5004119873
-88.7764282227
-89.44581604
-88.7272186279
-88.3572235107
-88.0506134033
-86.2401275635
-84.5574569702
-84.2117156982
-84.5747833252
-85.3014678955
-86.8039245605
-87.2775726318
-87.3921508789
-87.6339950562
-86.1876220703
-85.5597915649
-86.0181274414
-87.389503479
-87.1156997681
-87.4467086792
-87.3027877808
-87.596862793
-86.3016662598
-85.6930084229
-87.5988006592
-87.1670455933
-88.3362579346
-88.6820068359
-89.8731231689
-88.1959915161
-90.3757400513
-88.6964187622
-90.8668136597
-90.6072387695
-89.2946395874
-88.8622512817
-88.3719787598
-86.174407959
-86.0742111206
-86.5041809082
-84.2977676392
-85.646270752
-85.4129333496
-85.4213790894
-86.5334396362
-87.1628875732
-87.1939086914
-87.471031189
-86.5142745972
-86.430809021
-88.3017044067
-87.4510574341
-87.1772842407
-86.8584671021
-87.2330780029
-85.6897735596
-85.418296814
-86.4574279785
-88.1395111084
-87.7625656128
-87.1285629272
-90.0085830688
-89.6436538696
-88.3953170776
-89.8281936646
-91.2678756714
-90.1538162231
-89.3738098145
-90.4280471802
-88.5520401001
-87.4607467651
-87.8813171387
-90.0426864624
-89.3352584839
-92.0276489258
-93.6772079468
-92.6751556396
-92.0683517456
-93.9784622192
-92.8127441406
-91.9885253906
-92.2404174805
-91.810760498
-90.5314865112
-89.0849990845
-89.9613113403
-89.763633728
-90.3434371948
-91.2647781372
-91.6502532959
-90.8070449829
-90.8784484863
-90.8856887817
-89.6678009033
-89.2775192261
-88.7513122559
-87.4590072632
-86.5487670898
-86.7560424805
-86.5165252686
-86.9127044678
-87.012260437
-87.4310455322
-86.4438781738
-87.4815139771
-87.1898651123
-88.5226745605
-88.92993927
-91.3661499023
-90.4137191772
-90.4851989746
-90.8844833374
-91.3461608887
-89.4747848511
-90.3282089233
-90.6070861816
-91.158996582
-88.504699707
-89.4822998047
-89.6803741455
-90.4852218628
-89.8830413818
-91.8247451782
-93.2000198364
-92.4971160889
-90.9545974731
-89.638343811
-88.9597320557
-87.7339096069
-87.306892395
-87.6784896851
-88.9989700317
-90.191368103
-90.1725082397
-93.1714935303
-92.8743057251
-91.2395706177
-89.8651428223
-88.9204406738
-87.8495559692
-88.5275115967
-90.9534225464
-91.0031967163
-90.9821929932
-89.8269119263
-89.6312942505
-87.0939559937
-88.3497009277
-88.2134094238
-90.1062240601
-90.1243591309
-90.4143600464
-88.8642883301
-89.5631942749
-87.165222168
-87.329788208
-87.6598205566
-88.8596038818
-88.3916244507
-90.2305831909
-89.7290725708
-89.7934570312
-89.0431518555
-91.1716842651
-91.9000549316
-93.8936767578
-94.8955154419
-95.7928390503
-95.1443099976
-93.1841888428
-92.2523727417
-92.1550674438
-92.3395843506
-92.4191894531
-94.8133392334
-95.1567382812
-94.6356124878
-93.9178009033
-93.5736312866
-92.1708145142
-91.9984970093
-93.3648071289
-95.2336196899
-96.4254684448
-95.7704925537
-95.5066375732
-94.2875442505
-92.8861083984
-90.7581329346
-91.3564453125
-91.936164856
-92.3214797974
-93.3419113159
-95.3349151611
-95.194480896
-94.4192581177
-94.7161102295
-93.7420501709
-91.4444046021
-91.5992050171
-91.0803222656
-91.0411911011
-90.1309661865
-91.4744796753
-92.2909698486
-92.9353866577
-93.6694488525
-95.1968688965
-97.1616668701
-96.5743942261
-97.7069244385
-96.8758163452
-96.3200759888
-94.3350753784
-92.597328186
-91.2015380859
-91.0069732666
-91.953163147
-93.029045105
-93.9197311401
-94.1280441284
-93.6613998413
-93.7548065186
-91.8453903198
-92.9708557129
-93.8085784912
-95.69165802
-94.6142578125
-95.5103912354
-96.2917404175
-96.4234390259
-95.5468826294
-93.9101257324
-92.9852523804
-91.4556503296
-91.3696060181
-88.7745666504
-91.0793457031
-90.7852249146
-89.891708374
-88.748298645
-91.3891601562
-89.6284332275
-89.5154647827
-90.3757095337
-90.8340682983
-90.4567565918
-92.1004562378
-93.6772384644
-93.947555542
-94.6211624146
-93.8248977661
-92.9828262329
-92.0155181885
-94.4236755371
-93.9929504395
-95.1052780151
-95.7657394409
-94.697303772
-92.5868453979
-92.190788269
-91.6546859741
-91.8493041992
-93.2460708618
-93.1440963745
-92.3744430542
-92.3201904297
-91.0311355591
-92.2114868164
-91.7956314087
-93.2456893921
-93.6227264404
-94.0035018921
-92.1352920532
-91.9395370483
-91.5446166992
-90.8155593872
-90.7078399658
-91.080039978
-92.5568771362
-92.0938644409
-93.2432174683
-93.5734634399
-94.4487075806
-94.2246322632
-95.5479354858
-94.7048416138
-95.4997940063
-95.4449920654
-94.0349197388
-95.4092407227
-96.0137405396
-95.1766891479
-95.3743438721
-96.6871566772
-93.8891906738
-93.6484375
-94.3392181396
-94.1962203979
-94.4814682007
-96.5340042114
-96.4240875244
-96.2900695801
-96.0614471436
-96.0044784546
-94.0256881714
-94.6806869507
-94.5327682495
-95.5379104614
-95.2147369385
-94.5982589722
-93.6684799194
-93.407409668
-93.2642364502
-92.2804489136
-94.7287750244
-95.6114883423
-95.2526855469
-94.8324508667
-96.8440856934
-97.7305450439
-97.9030227661
-99.1870040894
-98.7581253052
-98.20728302
-97.5244445801
-97.2886886597
-98.5099334717
-100.0965271
-99.7678604126
-99.4919509888
-99.6514511108
-100.474784851
-99.1770401001
-99.0572814941
-97.7567214966
-99.4110488892
-97.1986465454
-96.7900543213
-95.578125
-96.8020172119
-95.3684387207
-94.7669448853
-94.8825302124
-97.2344818115
-96.615486145
-96.4911880493
-96.6461639404
-96.3208618164
-93.6168365479
-92.4015579224
-90.8748321533
-91.3325271606
-91.4352722168
-92.7501831055
-91.970954895
-92.4227905273
-93.1363449097
-94.6801986694
-96.8382644653
-101.400588989
-101.590072632
-101.209991455
-100.550483704
-98.1845703125
-94.7128448486
-95.9943008423
-96.2049407959
-96.7564697266
-97.5530166626
-97.4601898193
-97.228843689
-97.1841278076
-96.5489044189
-97.3147201538
-98.6340866089
-97.9034194946
-98.1184082031
-98.6926422119
-97.4406433105
-97.8345489502
-98.7614440918
-99.302947998
-99.2821350098
-100.276603699
-100.222381592
-98.875328064
-97.2006607056
-95.7125320435
-93.9043197632
-93.8101806641
-95.1616210938
-96.2697906494
-98.4444198608
-99.53540802
-99.6521682739
-98.5018920898
-96.6706085205
-96.5263824463
-96.602973938
-96.2510452271
-96.7716369629
-97.3240890503
-96.4766387939
-97.3183517456
-97.7438430786
-99.1500778198
-98.9910125732
-97.221244812
-94.608001709
-95.0505218506
-92.4454193115
-93.7657546997
-94.9537124634
-98.2114639282
-97.37840271
-97.5131988525
-97.8515167236
-99.6026229858
-98.1022338867
-97.6762924194
-98.4785842896
-98.1768569946
-98.1680755615
-98.50756073
-99.6472702026
-100.211181641
-98.8100357056
-97.498298645
-96.4963912964
-94.5330352783
-94.1523742676
-94.748840332
-93.8479766846
-94.142829895
-94.388053894
-94.7548980713
-94.2819290161
-94.3633956909
-95.3086395264
-96.3278579712
-98.1820678711
-99.3694076538
-100.714569092
-100.078536987
-101.187530518
-99.7773132324
-99.6847763062
-100.015640259
-99.1770706177
-97.9130706787
-98.9711227417
-98.4139556885
-98.7176055908
-99.003868103
-97.9278182983
-94.5357589722
-92.7994384766
-90.9713363647
-94.5680770874
-95.9003143311
-98.7458877563
-99.9253082275
-101.423294067
-98.9624099731
-98.9228897095
-99.1651229858
-99.6195755005
-99.6582260132
-99.7684326172
-100.54233551
-99.2888565063
-99.3655319214
-98.5163879395
-100.245552063
-98.2409210205
-98.5410385132
-99.2754592896
-98.5027999878
-98.4489059448
-100.224441528
-100.061393738
-99.1590042114
-101.084533691
-99.3835296631
-98.5139312744
-99.2415466309
-101.470298767
-99.1676559448
-99.3695144653
-99.8686141968
-98.1605377197
-96.8532791138
-98.2610397339
-97.7656707764
-98.5318374634
-100.264251709
-102.017066956
-102.868972778
-103.635498047
-102.456642151
-100.876373291
-97.5328903198
-96.8460845947
-97.4447097778
-97.7029876709
-98.5578842163
-99.9604644775
-100.306663513
-99.2791519165
-99.6095046997
-101.264900208
-101.495330811
-101.825645447
-102.273345947
-101.566093445
-100.22668457
-99.8969497681
-100.201797485
-99.5246734619
-99.5710144043
-101.196998596
-102.861808777
-104.444076538
-104.481567383
-108.058021545
-108.417442322
-108.225601196
-106.673400879
-107.588684082
-106.132743835
-105.905128479
-106.192054749
-105.044937134
-105.371582031
-103.548309326
-102.239547729
-101.866577148
-103.193763733
-102.719551086
-102.4061203
-102.503425598
-100.952857971
-99.9738082886
-98.3857269287
-100.379219055
-99.5792541504
-100.205734253
-98.9352111816
-99.056968689
-97.6434707642
-97.3679733276
-97.5142288208
-98.1691665649
-100.065734863
-100.304588318
-100.688049316
-101.029945374
-101.065406799
-100.345222473
-99.3425292969
-99.476890564
-100.928138733
-101.760726929
-102.624404907
-104.077308655
-104.901092529
-103.317268372
-104.646232605
-105.582122803
-106.229034424
-105.760017395
-105.987304688
-103.87046814
-101.178543091
-100.096176147
-100.602180481
-99.5840606689
-99.4713973999
-100.923286438
-101.767906189
-101.736221313
-101.506187439
-103.465049744
-103.079696655
-102.101226807
-101.113967896
-102.305000305
-100.718826294
-101.53993988
-101.325546265
-100.949356079
-98.8854675293
-99.0449981689
-99.369392395
-98.9051055908
-98.362663269
-100.109291077
-98.9262237549
-96.9061355591
-96.9056472778
-97.3995513916
-96.5591201782
-96.2113952637
-95.9231643677
-94.8802566528
-94.0981216431
-94.0338439941
-94.8882369995
-96.2381973267
-97.6682891846
-98.7462844849
-100.502548218
-101.410812378
-101.428894043
-101.842292786
-101.943893433
-99.8966445923
-98.6439971924
-97.4405441284
-97.3195800781
-98.6839294434
-99.2179641724
-100.961219788
-101.651046753
-101.71282196
-100.7057724
-100.43497467
-100.80796051
-101.923599243
-101.652420044
-102.123321533
-101.697166443
-99.9232330322
-97.4863891602
-96.3936538696
-94.9826812744
-95.9791030884
-96.1020126343
-97.8411636353
-98.4485855103
-98.8506011963
-98.8541717529
-99.071685791
-97.9528808594
-98.7349777222
-99.479850769
-99.4013519287
-99.0740280151
-99.0897979736
-97.4307479858
-96.9758377075
-97.2781295776
-97.4954071045
-97.3112411499
